2900
-690.783142 7991.095 -11.8712139 0
-693.1266 7973.001 1.01770592 0
-692.961731 7963.50146 5.359652 0
-692.8356 7958.14941 5.359527 0
-692.6191 7948.437 5.359527 0
-692.440857 7938.12158 5.359527 0
-692.346069 7934.331 5.359527 0
-692.080566 7932.36133 5.359527 0
-691.5995 7929.413 5.359527 0
-690.6619 7924.57275 5.359527 0
-689.4409 7919.90674 5.359527 0
-688.3507 7916.22168 5.359527 0
-687.762 7914.107 5.359527 0
-684.515442 7903.911 5.359527 0
-681.403442 7894.17871 5.359527 0
-679.897 7889.18359 5.359527 0
-678.469849 7884.10938 5.359527 0
-677.359863 7879.64941 5.359527 0
-676.329163 7875.051 5.359527 0
-675.4372 7870.67041 5.359527 0
-674.7831 7867.182 5.359527 0
-674.1488 7862.98 5.359527 0
-673.514465 7858.36133 5.359527 0
-673.0586 7854.377 5.359527 0
-672.642334 7849.87744 5.359527 0
-672.3252 7845.477 5.359527 0
-672.0675 7841.037 5.359527 0
-671.9288 7836.87451 5.359527 0
-671.8494 7832.53369 5.359527 0
-671.79 7828.827 5.359527 0
-671.79 7825.596 5.359527 0
-671.843933 7820.72 5.35953856 0
-672.274658 7800.585 5.35953856 0
-672.434265 7787.7627 5.35954046 0
-672.1875 7778.457 5.359507 0
-671.754944 7771.21826 5.359507 0
-671.258362 7766.242 5.35950947 0
-670.8245 7762.32031 5.35954332 0
-669.659241 7755.452 5.359524 0
-668.796753 7751.565 5.359561 0
-667.6215 7747.233 5.359561 0
-666.4386 7743.553 5.359585 0
-664.465332 7738.55664 5.359627 0
-662.9544 7735.249 5.359627 0
-661.470764 7732.43164 5.359627 0
-659.545349 7729.252 5.359627 0
-657.684143 7726.478 5.35967255 0
-655.1016 7723.064 5.35967255 0
-652.5448 7720.148 5.35967159 0
-649.4202 7717.05859 5.35967159 0
-646.1365 7714.12 5.35967159 0
-642.7734 7711.52344 5.35967159 0
-640.0454 7709.657 5.35965633 0
-637.077942 7707.77832 5.35972261 0
-633.7549 7705.84473 5.3597703 0
-628.293945 7703.11572 5.3597703 0
-622.863831 7700.771 5.36004 0
-617.377563 7698.76855 5.34882641 0
-612.7324 7697.246 5.36363268 0
-607.4383 7695.66455 5.363538 0
-603.5448 7694.64746 5.36536551 0
-597.7123 7693.24854 5.356228 0
-589.8454 7691.55859 5.36115 0
-582.8911 7690.20264 5.34457 0
-570.7908 7688.149 5.362028 0
-562.9918 7686.95752 5.36383724 0
-556.297058 7686.12256 5.400792 0
-550.391052 7685.594 5.495268 0
-543.3157 7685.10059 5.62017059 0
-535.935547 7684.497 5.74062157 0
-531.337646 7683.993 5.794788 0
-527.9184 7683.351 5.802079 0
-524.1005 7682.36 5.7784543 0
-520.7445 7681.20947 5.76812 0
-515.9675 7679.10742 5.69921732 0
-510.457123 7676.29053 5.61367559 0
-505.6289 7673.21973 5.49056435 0
-501.1359 7670.03857 5.43657064 0
-497.945435 7667.661 5.378435 0
-493.987244 7664.733 5.36329 0
-483.94928 7657.527 5.36333942 1
-467.716339 7645.87061 5.36340427 0
-455.113037 7636.833 5.36340427 0
-444.349121 7629.09375 5.363306 0
-433.708862 7621.464 5.36316967 0
-423.654541 7614.23047 5.36316872 0
-415.041534 7608.02441 5.36316824 0
-407.407562 7602.536 5.36316442 0
-393.807861 7592.75928 5.363144 0
-378.4716 7581.74072 5.36327028 0
-365.624481 7572.528 5.36326456 0
-361.482819 7569.62744 5.363265 0
-357.609863 7566.96338 5.36321449 0
-353.343719 7564.30029 5.36321449 0
-350.531921 7562.71631 5.36321449 0
-346.443634 7560.604 5.363215 0
-341.70105 7558.459 5.36334467 0
-337.266541 7556.805 5.36334467 0
-332.924042 7555.518 5.363344 0
-328.7938 7554.543 5.36333561 0
-325.404449 7553.931 5.36333752 0
-321.848328 7553.47 5.363544 0
-316.180054 7553.028 5.363569 0
-310.424561 7552.99072 5.363569 0
-304.5571 7553.33936 5.36356831 0
-299.467 7553.908 5.36356831 0
-293.843781 7554.82764 5.363566 0
-289.403778 7555.74 5.363566 0
-286.1985 7556.519 5.36398649 0
-280.700165 7557.98242 5.363561 0
-271.888947 7560.79834 5.36360645 0
-262.720337 7564.24756 5.3636055 0
-255.77005 7567.20459 5.36312628 0
-247.693329 7570.93848 5.363605 0
-241.6574 7573.954 5.36357737 0
-236.202576 7576.857 5.363577 0
-228.721954 7581.03955 5.363577 0
-223.496857 7584.102 5.363577 0
-218.5101 7587.14648 5.363593 0
-212.265671 7591.149 5.363593 0
-205.882156 7595.341 5.36364 0
-197.344955 7601.26465 5.369817 0
-191.950211 7605.12256 5.363615 0
-185.103729 7610.19727 5.363615 0
-176.884766 7616.442 5.363617 0
-170.612122 7621.346 5.363655 0
-163.980484 7626.653 5.363659 0
-157.579315 7631.82666 5.36382771 0
-148.59404 7639.2666 5.36390972 0
-136.990738 7649.05664 5.36390972 0
-129.266708 7655.643 5.36390972 0
-117.884605 7665.46436 5.36390972 0
-110.820259 7671.594 5.36390972 0
-100.073639 7680.98047 5.36355972 0
-91.2682343 7688.694 5.36355972 0
-84.30907 7694.78955 5.36356068 0
-75.4486847 7702.60059 5.36346769 0
-67.4388046 7709.676 5.363982 0
-59.58796 7716.52832 5.37023 0
-56.5182457 7719.2627 5.400952 0
-53.6763 7721.713 5.400952 0
-49.97282 7724.924 5.400952 0
-46.28774 7728.157 5.400952 0
-43.51778 7730.525 5.400952 0
-40.58401 7733.08643 5.400952 0
-37.0992241 7736.05 5.400952 0
-34.2697 7738.507 5.400952 0
-31.29125 7740.979 5.400952 0
-27.5979748 7744.10645 5.400952 0
-25.11097 7746.16162 5.400952 0
-21.2836647 7749.289 5.400952 0
-16.920229 7752.759 5.400952 0
-13.3510246 7755.577 5.400952 0
-10.1018085 7758.063 5.400952 0
-6.249518 7760.98 5.400952 0
-2.47107315 7763.7124 5.400952 0
1.63967752 7766.74 5.400952 0
5.24581528 7769.239 5.400952 0
9.118441 7771.918 5.400952 0
14.05401 7775.07 5.400952 0
18.434576 7777.805 5.400952 0
22.8746071 7780.44141 5.400952 0
27.0146484 7782.809 5.400952 0
31.4674263 7785.23633 5.400952 0
34.3416252 7786.77 5.400952 0
36.90329 7788.03564 5.400952 0
39.8668442 7789.45 5.400952 0
42.7559357 7790.76074 5.400952 0
45.45143 7791.803 5.400952 0
47.9533272 7792.652 5.400952 0
50.529686 7793.322 5.400952 0
53.3728371 7793.81445 5.400952 0
56.2595367 7794.094 5.400952 0
57.83715 7794.18359 5.400952 0
77.3503342 7794.18359 5.400952 0
82.02723 7794.17236 5.400952 0
86.59224 7794.027 5.400952 0
92.58942 7793.1543 5.400952 0
96.02436 7792.237 5.400952 0
98.374 7791.36426 5.400952 0
101.16 7789.966 5.400952 0
103.6556 7788.511 5.400952 0
107.1946 7786.00439 5.400952 0
110.962334 7782.85938 5.400952 0
114.680923 7779.288 5.400952 0
119.1203 7774.75049 5.400952 0
123.1829 7770.229 5.400952 0
128.457733 7764.25 5.400952 0
133.50322 7758.32 5.400952 0
139.979 7750.59473 5.400952 0
144.501 7745.018 5.400952 0
148.219589 7740.431 5.400952 0
152.0856 7735.64746 5.400952 0
155.673141 7731.192 5.400952 0
158.589035 7727.55566 5.400952 0
161.898087 7723.46 5.400952 0
165.387344 7719.037 5.400952 0
168.680008 7714.86 5.400952 0
171.840851 7710.933 5.400952 0
175.481918 7706.33252 5.400952 0
178.9487 7702.01563 5.400952 0
182.58992 7697.437 5.400952 0
184.843262 7694.53857 5.436868 0
188.095764 7690.4624 5.400937 0
191.5288 7687.00146 5.400937 0
194.713486 7684.14648 5.4009347 0
196.676712 7682.713 5.40093565 0
197.967621 7681.867 5.400936 0
199.91394 7680.78564 5.40092659 0
201.8761 7679.95068 5.400917 0
204.037781 7679.028 5.33353329 0
206.656387 7678.233 5.365058 0
209.0916 7677.667 5.390051 0
211.606644 7677.227 5.313253 0
214.788925 7676.77344 5.21488571 0
219.46254 7676.386 5.28120661 0
222.735748 7676.23975 5.236641 0
226.937958 7676.152 5.134571 0
236.82193 7676.19531 4.871072 0
243.573334 7676.245 4.6649065 0
252.250412 7676.275 4.3805 0
259.444183 7676.1377 4.214295 0
271.268127 7675.691 3.88211823 0
276.306366 7675.38037 3.80895662 0
281.3605 7674.978 3.70798016 0
286.100372 7674.56641 3.71554565 0
290.542175 7674.105 3.69097281 0
295.00766 7673.561 3.65814638 0
298.2745 7673.138 3.63026619 0
301.348053 7672.682 3.63026619 0
304.9567 7672.11 3.63026619 0
308.578644 7671.479 3.63026619 0
313.263733 7670.542 3.63026619 0
317.714569 7669.623 3.63026619 0
321.823029 7668.614 3.53227735 0
325.8414 7667.53271 3.53227735 0
328.850677 7666.686 3.53227735 0
333.3916 7665.22656 3.53227735 0
338.851532 7663.29834 3.53227735 0
344.203339 7661.118 3.53227735 0
346.8522 7659.947 3.51852655 0
349.753357 7658.559 3.528305 0
352.7446 7657.08154 3.54282045 0
355.5917 7655.55 3.55230331 0
358.006317 7654.198 3.55832243 0
360.709259 7652.59473 3.56359172 0
363.286072 7650.955 3.56359172 0
366.04306 7649.117 3.56359172 0
368.4757 7647.44141 3.56359172 0
372.20575 7644.68457 3.56359172 0
374.944733 7642.52246 3.56359172 0
377.0793 7640.84375 3.56359172 0
379.728363 7638.59131 3.56359172 0
381.926758 7636.699 3.49712014 0
384.05307 7634.789 3.49712014 0
386.0172 7632.933 3.49712014 0
388.557983 7630.48242 3.49712014 0
392.053772 7627.005 3.49712014 0
396.648773 7622.26563 3.67532158 0
399.2436 7619.43652 3.67532158 0
404.855835 7613.08057 3.67532158 0
411.9791 7604.61426 3.67532158 0
418.3056 7597.01074 3.67532158 0
427.853424 7585.083 3.67532158 0
437.01 7573.69531 3.67532158 0
447.325562 7560.979 3.67532158 0
455.345825 7551.00635 3.67532158 0
462.363556 7542.32666 3.67532158 0
473.1754 7528.985 3.67532158 0
486.93515 7511.87549 3.67532158 0
494.090729 7503.05469 3.67532158 0
503.254364 7491.67871 3.67532158 0
512.984741 7479.59229 3.67532158 0
521.949463 7468.512 3.67532158 0
531.380249 7456.87646 3.67532158 0
538.770142 7447.689 3.67532158 0
551.872864 7431.401 3.67532158 0
559.0027 7422.57031 3.67532158 0
566.8956 7412.519 3.67532158 0
569.1481 7409.47363 3.67532158 0
572.265442 7405.23926 3.67532158 0
575.4729 7400.59033 3.67532158 0
577.689331 7397.1665 3.67532158 0
581.2212 7391.112 3.67532158 0
584.2665 7385.30957 3.67532158 0
586.446838 7380.841 3.67532158 0
588.429 7376.336 3.67532158 0
590.8797 7370.47949 3.67532158 0
593.492554 7363.97461 3.67532158 0
596.2856 7357.10938 3.67532158 0
598.7246 7351.516 3.67532158 0
603.031433 7342.01855 3.67532158 0
605.8745 7336.29541 3.67532158 0
609.5488 7329.14355 3.67532158 0
616.129639 7317.47168 3.67532158 0
620.4904 7309.753 3.771543 0
624.6113 7302.209 3.771543 0
629.6044 7292.31 3.771543 0
633.638062 7283.523 3.771543 0
636.7124 7276.066 3.771543 0
639.9366 7267.89355 3.81642246 0
644.37384 7255.316 3.87707043 0
647.6938 7245.03662 3.92580152 0
650.9818 7234.78955 4.122136 0
655.036 7221.031 4.212303 0
658.0048 7210.52832 4.28974438 0
660.7502 7200.21729 4.31112051 0
663.5993 7189.29248 4.54968262 0
667.108154 7175.046 4.598343 0
668.5592 7169.00439 4.67923069 0
670.0572 7162.69141 4.7497 0
671.2007 7157.647 4.703911 0
672.2418 7152.96875 4.76155233 0
673.3922 7147.63672 4.80077934 0
674.6156 7142.019 4.86 0
675.637634 7136.90527 4.86 0
676.7782 7131.30957 4.932895 0
677.8827 7125.77539 5.01164246 0
678.959045 7120.13232 5.095514 0
680.090759 7114.001 5.129054 0
681.5188 7106.17334 5.129068 0
682.8376 7098.937 5.261738 0
684.52655 7090.16748 5.378141 0
686.1099 7082.121 5.47370863 0
687.555969 7075.501 5.601844 0
688.954651 7069.35742 5.67653465 0
690.6652 7062.51172 5.830013 0
692.73175 7055.06 6.019722 0
695.2149 7046.91064 6.27915764 0
696.9092 7041.661 6.454388 0
699.7808 7033.644 6.78711033 0
705.169556 7020.05371 7.40797 0
707.7806 7014.12354 7.74995327 0
709.9869 7009.306 8.083406 0
712.84436 7003.41553 8.466134 0
715.870667 6997.41943 8.82700348 0
719.8361 6989.909 9.503832 0
724.493347 6981.32031 10.2334919 0
727.531067 6975.90332 10.6566753 0
733.9635 6964.552 11.8013086 0
738.9196 6955.618 12.7195759 0
744.624939 6944.798 13.9037237 0
748.2007 6937.57861 14.7955236 0
750.9018 6931.558 15.4779558 0
753.9106 6924.267 16.3923168 0
755.3852 6920.432 16.8070469 0
759.3785 6907.92969 18.3650646 0
760.226257 6904.36 18.8449268 0
761.0872 6900.702 19.2704124 0
762.1599 6895.58447 19.9369354 0
763.1611 6890.122 20.6677265 0
764.0808 6884.52539 21.3687878 0
764.9538 6878.40039 22.063961 0
765.7941 6871.994 22.8659325 0
766.9621 6861.995 23.9751835 0
768.294739 6850.3833 25.2840652 0
769.1559 6842.662 26.2039452 0
770.1574 6833.11768 26.9934158 0
770.7457 6825.44043 27.35783 0
771.3409 6815.622 28.1198463 0
771.850647 6807.84131 28.1198463 0
772.71875 6801.63 28.1197281 0
774.2371 6795.27441 28.1261463 0
775.926636 6790.2417 28.37407 0
779.1046 6781.25244 28.37407 0
781.8359 6773.58057 28.37407 0
784.699341 6765.536 28.37407 0
787.8996 6756.4585 28.37407 0
791.7344 6745.582 28.37407 0
794.552 6737.53174 28.37407 0
798.207947 6727.08057 28.37407 0
800.9834 6719.221 28.37407 0
804.0642 6710.332 28.37407 0
808.0897 6698.82959 28.37407 0
811.372 6689.45947 28.3739758 0
814.3231 6680.94971 28.3739758 0
818.4128 6669.102 28.3739758 0
821.329163 6660.71436 28.3739758 0
826.125061 6646.666 28.3739758 0
829.0746 6638.046 28.3739758 0
831.5904 6630.679 28.3739758 0
833.773743 6624.17969 28.3739758 0
836.3952 6616.296 28.3739758 0
839.9517 6605.36035 28.3739758 0
841.689453 6599.972 28.3739758 0
842.9621 6595.82 28.3739758 0
844.1561 6591.90234 28.3739758 0
845.082764 6588.5625 28.3739758 0
846.0835 6585.20947 28.3739758 0
847.04834 6581.51172 28.3739758 0
848.00354 6577.084 28.3745117 0
849.05365 6570.933 28.3745117 0
849.630737 6563.621 28.3745117 0
849.631165 6560.17871 28.3745117 0
849.5083 6556.66357 28.3745117 0
849.123352 6550.30566 28.3745117 0
848.6109 6544.20459 28.3745117 0
847.7345 6536.8125 28.3745117 0
846.9079 6531.38232 28.3745117 0
845.765869 6525.809 28.3742981 0
844.6477 6520.768 28.3742981 0
842.5869 6513.6626 28.3742981 0
840.8477 6508.1875 28.37373 0
838.233154 6500.62842 28.6060047 0
836.4546 6496.055 28.60601 0
833.532349 6489.05566 28.8475418 0
830.5533 6482.705 28.8475418 0
826.4398 6474.88135 29.3323441 0
822.735657 6469.01367 29.8521862 0
819.249 6464.03027 29.8521862 0
814.256653 6457.723 30.2586937 0
809.4102 6452.99561 30.66961 0
804.89386 6449.256 30.9041157 0
799.699768 6445.80762 31.083046 0
795.0875 6443.55957 31.0829544 0
789.081543 6441.46 31.0831413 0
782.09436 6439.797 31.1634769 0
773.5702 6438.366 31.1763859 0
770.274536 6437.992 31.161 0
758.2954 6437.52734 31.1609 0
748.845 6437.54 31.1604 0
718.845 6437.63 31.1566 0
712.846 6437.64 31.1553 0
706.845 6437.66 31.154 0
700.846 6437.67 31.1524 0
697.846 6437.68 31.127 0
688.846 6437.7 31.1488 0
682.846 6437.72 31.1467 0
676.845 6437.73 31.1445 0
670.846 6437.74 31.1421 0
664.846 6437.75 31.1394 0
655.846 6437.77 31.1351 0
646.846 6437.79 31.1303 0
637.846 6437.8 31.125 0
628.846 6437.82 31.1191 0
619.845 6437.83 31.1128 0
613.846 6437.84 31.1081 0
553.846 6437.91 31.0447 0
511.846 6437.95 30.9737 0
445.846 6437.99 30.7369 0
439.846 6437.99 30.7281 0
433.847 6437.95 30.6932 0
427.848 6437.8 30.6607 0
421.854 6437.55 30.6305 0
415.863 6437.21 30.6025 0
406.89 6436.52 30.5648 0
397.935 6435.62 30.532 0
386.032 6434.11 30.4956 0
380.098 6433.23 30.4805 0
365.323 6430.64 30.4514 0
353.575 6428.2 30.4366 0
341.894 6425.45 30.429 0
333.183 6423.19 30.4031 0
321.638 6419.92 30.4317 0
310.175 6416.37 30.4417 0
307.323 6415.44 30.4451 0
301.635 6413.53 30.4529 0
298.799 6412.55 30.4573 0
287.514 6408.47 30.4781 0
276.323 6404.14 30.5037 0
262.469 6398.39 30.5414 0
259.717 6397.2 30.5496 0
254.231 6394.77 30.5666 0
248.77 6392.28 30.5844 0
243.335 6389.74 30.6027 0
237.926 6387.14 30.6215 0
232.543 6384.49 30.6406 0
227.186 6381.79 30.6599 0
221.856 6379.04 30.6791 0
216.553 6376.23 30.6979 0
211.277 6373.37 30.7161 0
206.028 6370.46 30.7328 0
200.79 6367.54 30.7427 0
195.554 6364.61 30.7477 0
190.318 6361.68 30.7499 0
185.084 6358.74 30.7503 0
179.851 6355.81 30.7493 0
174.618 6352.88 30.7473 0
169.385 6349.94 30.7446 0
164.153 6347 30.7411 0
158.921 6344.06 30.7372 0
153.69 6341.13 30.7327 0
148.459 6338.19 30.7279 0
143.228 6335.25 30.7228 0
137.998 6332.31 30.7174 0
135.382 6330.84 30.7146 0
127.537 6326.43 30.7058 0
122.308 6323.49 30.6998 0
119.693 6322.02 30.6967 0
117.079 6320.54 30.6936 0
114.464 6319.07 30.6904 0
111.849 6317.6 30.6872 0
106.621 6314.66 30.6808 0
101.393 6311.72 30.6743 0
96.1646 6308.77 30.6678 0
90.9369 6305.83 30.6612 0
85.7097 6302.88 30.6546 0
80.483 6299.94 30.6481 0
75.2564 6296.99 30.6416 0
70.0309 6294.04 30.6352 0
64.8058 6291.09 30.629 0
59.5815 6288.14 30.6229 0
54.3579 6285.19 30.6172 0
46.5252 6280.76 30.6094 0
41.3049 6277.8 30.605 0
36.0875 6274.83 30.6017 0
30.8742 6271.86 30.6002 0
25.6695 6268.88 30.6031 0
20.4723 6265.88 30.6087 0
15.278 6262.88 30.6135 0
10.0894 6259.87 30.6175 0
4.90848 6256.84 30.6208 0
-0.260681 6253.79 30.6234 0
-5.4173 6250.73 30.6254 0
-10.5583 6247.63 30.627 0
-15.6818 6244.51 30.628 0
-20.7851 6241.35 30.6286 0
-25.8664 6238.16 30.6288 0
-30.9239 6234.93 30.6192 0
-35.9542 6231.66 30.6187 0
-40.9562 6228.35 30.6027 0
-43.4454 6226.68 30.6175 0
-48.3996 6223.29 30.6163 0
-55.7651 6218.12 30.6141 0
-60.6276 6214.6 30.6124 0
-65.4485 6211.03 30.6106 0
-70.2263 6207.4 30.6086 0
-74.9554 6203.71 30.6065 0
-79.6351 6199.96 30.6138 0
-81.9547 6198.05 30.6032 0
-86.5527 6194.2 30.601 0
-91.0911 6190.27 30.5987 0
-95.5684 6186.28 30.5963 0
-99.9775 6182.21 30.5788 0
-112.816 6169.6 30.5873 0
-117.049 6165.34 30.5851 0
-121.282 6161.09 30.583 0
-125.515 6156.84 30.581 0
-129.749 6152.59 30.5792 0
-133.982 6148.34 30.5623 0
-138.217 6144.09 30.5762 0
-142.452 6139.83 30.5752 0
-146.688 6135.59 30.5747 0
-150.924 6131.34 30.5745 0
-155.162 6127.09 30.5748 0
-159.4 6122.84 30.5849 0
-163.64 6118.6 30.5767 0
-167.88 6114.35 30.5783 0
-174.242 6107.99 30.5815 0
-180.602 6101.62 30.6082 0
-186.953 6095.24 30.6564 0
-195.404 6086.72 30.7969 0
-201.729 6080.32 30.9486 0
-208.044 6073.91 31.1382 0
-216.445 6065.35 31.4573 0
-222.734 6058.92 31.7211 0
-229.01 6052.47 32.0281 0
-235.274 6046.02 32.3678 0
-241.526 6039.56 32.7389 0
-247.766 6033.08 33.1406 0
-251.919 6028.76 33.4342 0
-253.993 6026.6 33.5716 0
-258.138 6022.27 33.8745 0
-262.277 6017.94 34.1895 0
-266.41 6013.6 34.5162 0
-272.599 6007.09 35.0277 0
-278.775 6000.56 35.5638 0
-282.884 5996.21 35.9343 0
-289.038 5989.67 36.5089 0
-293.132 5985.3 36.9137 0
-295.177 5983.11 37.1055 0
-299.262 5978.74 37.5147 0
-305.379 5972.16 38.1451 0
-311.481 5965.58 38.7942 0
-317.569 5958.99 39.461 0
-323.643 5952.38 40.1445 0
-327.684 5947.97 40.6088 0
-331.718 5943.55 41.0797 0
-339.767 5934.7 42.025 0
-361.759 5910.26 44.7995 0
-363.748 5908.02 45.0561 0
-365.735 5905.79 45.3136 0
-367.721 5903.56 45.572 0
-371.686 5899.08 46.0912 0
-375.643 5894.6 46.6135 0
-379.593 5890.12 47.1138 0
-381.566 5887.87 47.4018 0
-385.505 5883.38 47.9302 0
-389.432 5878.87 48.4601 0
-393.226 5874.26 48.9846 0
-395.045 5871.88 49.2431 0
-396.815 5869.48 49.4992 0
-398.534 5867.03 49.7528 0
-401.81 5862.03 50.2517 0
-403.372 5859.48 50.4972 0
-404.878 5856.9 50.7398 0
-406.331 5854.28 50.9797 0
-407.735 5851.64 51.2169 0
-409.084 5848.97 51.4511 0
-410.382 5846.28 51.6826 0
-411.631 5843.56 51.9115 0
-412.83 5840.82 52.1376 0
-413.978 5838.06 52.361 0
-415.08 5835.28 52.5818 0
-416.137 5832.48 52.8001 0
-418.111 5826.83 53.2293 0
-419.036 5823.98 53.4405 0
-420.758 5818.25 53.8561 0
-422.328 5812.47 54.2638 0
-423.059 5809.57 54.4649 0
-424.419 5803.74 54.8619 0
-425.655 5797.88 55.2531 0
-426.229 5794.94 55.4467 0
-427.299 5789.05 55.8307 0
-428.271 5783.14 56.2108 0
-428.724 5780.18 56.3997 0
-429.571 5774.26 56.7758 0
-430.346 5768.32 57.1503 0
-431.059 5762.37 57.5238 0
-431.718 5756.42 57.8973 0
-432.031 5753.44 58.0842 0
-432.626 5747.48 58.4588 0
-433.188 5741.52 58.8352 0
-433.725 5735.56 59.2139 0
-434.497 5726.61 59.7877 0
-435 5720.64 60.175 0
-435.501 5714.68 60.5668 0
-437.035 5696.78 61.7725 0
-437.482 5690.81 62.1737 0
-437.845 5684.84 62.5675 0
-437.996 5681.85 62.7614 0
-438.234 5675.87 63.1434 0
-438.392 5669.88 63.5176 0
-438.469 5663.89 63.8839 0
-438.469 5657.9 64.2423 0
-438.396 5651.91 64.5929 0
-438.254 5645.92 64.9359 0
-438.046 5639.94 65.2714 0
-437.625 5630.96 65.7615 0
-437.092 5621.99 66.2368 0
-436.471 5613.02 66.699 0
-435.789 5604.06 67.1501 0
-435.316 5598.09 67.4458 0
-434.599 5589.13 67.8834 0
-434.13 5583.15 68.1724 0
-433.679 5577.17 68.4599 0
-433.254 5571.2 68.7468 0
-432.864 5565.22 69.0339 0
-432.094 5550.25 69.7563 0
-431.887 5544.26 70.0489 0
-431.747 5538.27 70.3444 0
-431.679 5532.28 70.6433 0
-431.689 5526.29 70.9461 0
-431.723 5523.29 71.099 0
-431.851 5517.3 71.4081 0
-432.01 5511.31 71.7227 0
-432.187 5505.32 72.0428 0
-432.283 5502.33 72.2047 0
-432.49 5496.34 72.5327 0
-432.72 5490.36 72.8657 0
-432.975 5484.37 73.2035 0
-433.257 5478.39 73.5458 0
-433.568 5472.41 73.8924 0
-433.91 5466.43 74.243 0
-434.284 5460.45 74.5974 0
-434.484 5457.46 74.7758 0
-434.912 5451.49 75.1352 0
-435.378 5445.52 75.4974 0
-435.885 5439.55 75.8622 0
-436.433 5433.58 76.2292 0
-437.025 5427.62 76.5981 0
-437.662 5421.67 76.9684 0
-438.706 5412.75 77.5257 0
-439.464 5406.81 77.8979 0
-440.272 5400.87 78.2702 0
-441.131 5394.95 78.6422 0
-442.043 5389.03 79.0134 0
-443.009 5383.12 79.3837 0
-444.56 5374.27 79.9361 0
-445.662 5368.38 80.3019 0
-446.82 5362.51 80.6654 0
-448.034 5356.64 81.0263 0
-449.303 5350.79 81.3841 0
-450.627 5344.95 81.7387 0
-452.007 5339.12 82.0896 0
-454.181 5330.4 82.6088 0
-455.697 5324.61 82.9497 0
-457.268 5318.83 83.2862 0
-458.892 5313.06 83.6166 0
-460.568 5307.31 83.9333 0
-461.426 5304.44 84.0862 0
-463.18 5298.71 84.3813 0
-465.901 5290.14 84.798 0
-468.726 5281.6 85.1849 0
-469.69 5278.76 85.3075 0
-471.649 5273.1 85.5438 0
-472.644 5270.27 85.6576 0
-473.647 5267.44 85.7688 0
-474.661 5264.62 85.8771 0
-476.714 5258.99 86.0861 0
-478.8 5253.37 86.2854 0
-479.855 5250.56 86.3817 0
-481.986 5244.95 86.5681 0
-483.061 5242.15 86.6583 0
-484.143 5239.36 86.7467 0
-485.229 5236.56 86.8336 0
-486.322 5233.77 86.9187 0
-487.42 5230.98 87.0024 0
-488.521 5228.19 87.0849 0
-490.738 5222.62 87.2461 0
-491.85 5219.83 87.3006 0
-492.967 5217.05 87.4034 0
-495.206 5211.48 87.5577 0
-497.452 5205.92 87.71 0
-499.702 5200.36 87.8613 0
-501.952 5194.8 88.0126 0
-504.198 5189.24 88.1649 0
-506.437 5183.68 88.3192 0
-508.667 5178.11 88.4764 0
-510.883 5172.53 88.6377 0
-513.082 5166.95 88.8038 0
-515.262 5161.37 88.9756 0
-517.419 5155.77 89.1544 0
-519.549 5150.16 89.3407 0
-520.604 5147.36 89.4369 0
-521.651 5144.55 89.5354 0
-522.682 5141.73 89.6326 0
-524.663 5136.07 89.8113 0
-526.537 5130.38 89.9686 0
-528.307 5124.64 90.1057 0
-529.97 5118.88 90.2224 4
-531.533 5113.09 90.3207 4
-532.995 5107.27 90.4007 4
-534.36 5101.43 90.4636 4
-535.631 5095.56 90.4859 4
-536.809 5089.68 90.5419 4
-537.901 5083.78 90.5595 4
-538.903 5077.87 90.5633 4
-539.826 5071.94 90.5552 4
-540.669 5066 90.5357 4
-541.436 5060.05 90.5059 4
-543.317 5042.15 90.364 4
-544.253 5030.18 90.2349 4
-544.636 5024.2 90.1627 4
-544.966 5018.21 90.0864 4
-545.37 5009.21 89.9662 4
-545.581 5003.22 89.8834 4
-545.753 4997.22 89.7993 4
-545.935 4988.22 89.6723 4
-546.04 4979.23 89.5463 4
-546.075 4970.23 89.4236 4
-546.065 4964.23 89.3446 4
-546.004 4955.23 89.2319 4
-545.895 4946.23 89.1277 4
-545.801 4940.23 89.0638 4
-545.69 4934.23 89.0051 4
-545.567 4928.23 88.952 4
-545.432 4922.24 88.9049 4
-545.287 4916.24 88.8642 4
-545.135 4910.24 88.8306 4
-544.978 4904.24 88.8043 4
-544.817 4898.24 88.7855 4
-544.656 4892.25 88.77 4
-544.418 4883.25 88.7494 4
-544.261 4877.25 88.7373 4
-544.106 4871.25 88.7265 4
-543.953 4865.26 88.717 4
-543.801 4859.26 88.7088 4
-543.65 4853.26 88.7019 4
-543.501 4847.26 88.6962 4
-543.353 4841.26 88.667 4
-543.206 4835.26 88.6884 4
-543.06 4829.27 88.6862 4
-542.915 4823.27 88.6851 4
-542.77 4817.27 88.685 4
-542.626 4811.27 88.686 4
-542.482 4805.27 88.6879 4
-542.338 4799.27 88.6906 4
-542.122 4790.28 88.6963 4
-541.978 4784.28 88.7009 4
-541.833 4778.28 88.7062 4
-541.688 4772.28 88.7121 4
-541.542 4766.29 88.7184 4
-541.394 4760.29 88.7251 4
-541.246 4754.29 88.7321 4
-541.096 4748.29 88.7393 4
-540.868 4739.29 88.7503 4
-540.557 4727.3 88.765 4
-540.318 4718.3 88.7755 4
-540.155 4712.3 88.7822 4
-539.99 4706.31 88.7885 4
-539.823 4700.31 88.7943 4
-539.652 4694.31 88.7996 4
-539.479 4688.31 88.8043 4
-539.302 4682.32 88.8083 4
-539.123 4676.32 88.8116 4
-538.94 4670.32 88.8141 4
-538.754 4664.32 88.8158 4
-538.564 4658.33 88.8166 4
-538.368 4652.33 88.8144 4
-538.157 4646.33 88.8033 4
-537.929 4640.34 88.7842 4
-537.686 4634.34 88.758 4
-537.427 4628.35 88.7258 4
-537.153 4622.35 88.6883 4
-536.862 4616.36 88.6464 4
-536.554 4610.37 88.6007 4
-536.229 4604.38 88.552 4
-535.885 4598.39 88.5009 4
-535.522 4592.4 88.448 4
-535.138 4586.41 88.3942 4
-534.73 4580.43 88.3401 4
-534.298 4574.44 88.2866 4
-533.837 4568.46 88.2347 4
-533.344 4562.48 88.1609 4
-532.813 4556.51 88.1405 4
-532.237 4550.53 88.1015 4
-531.606 4544.57 88.0713 4
-530.903 4538.61 88.0537 4
-530.119 4532.66 88.0515 0
-529.314 4526.71 88.0515 0
-528.101 4517.8 88.0516 0
-527.29 4511.85 88.0517 0
-526.478 4505.91 88.0517 0
-525.665 4499.96 88.0518 0
-524.851 4494.02 88.0519 0
-524.037 4488.07 88.0519 0
-523.221 4482.13 88.052 0
-522.406 4476.18 88.0521 0
-521.59 4470.24 88.0521 0
-520.774 4464.29 88.0522 0
-519.958 4458.35 88.0523 0
-519.142 4452.41 88.0523 0
-518.325 4446.46 88.0524 0
-517.508 4440.52 88.0525 0
-516.691 4434.57 88.0525 0
-515.465 4425.66 88.0526 0
-514.648 4419.71 88.028 0
-513.83 4413.77 88.0527 0
-513.012 4407.83 88.0527 0
-512.195 4401.88 88.0527 0
-511.377 4395.94 88.0528 0
-510.15 4387.02 88.0528 0
-509.332 4381.08 88.0528 0
-508.515 4375.13 88.0528 0
-507.288 4366.22 88.0528 0
-506.06 4357.3 88.0528 0
-505.242 4351.36 88.0527 0
-504.424 4345.41 88.0526 0
-503.607 4339.47 88.0526 0
-502.789 4333.53 88.0524 0
-501.563 4324.61 88.0521 0
-500.747 4318.67 88.0518 0
-499.905 4312.73 88.0497 4
-498.936 4306.8 88.0412 4
-498.417 4303.85 88.0348 4
-497.326 4297.95 88.0179 4
-496.183 4292.06 87.996 4
-494.395 4283.24 87.9542 4
-492.544 4274.43 87.9014 4
-491.281 4268.57 87.86 4
-490 4262.7 87.8132 4
-488.703 4256.85 87.7608 4
-487.392 4250.99 87.6778 4
-485.403 4242.22 87.6023 4
-483.391 4233.44 87.4849 4
-481.36 4224.68 87.3471 4
-479.314 4215.91 87.1859 4
-477.258 4207.15 87.0159 4
-475.883 4201.31 86.8999 4
-473.813 4192.56 86.7215 4
-471.041 4180.88 86.4748 4
-469.648 4175.05 86.3473 4
-468.252 4169.22 86.2168 4
-466.852 4163.38 86.0831 4
-465.448 4157.55 85.9461 4
-464.039 4151.72 85.8055 4
-461.92 4142.98 85.5874 4
-459.791 4134.24 85.3601 4
-457.653 4125.5 85.1227 4
-454.788 4113.85 84.7889 4
-451.906 4102.2 84.4331 4
-449.008 4090.57 84.0528 4
-446.823 4081.84 83.7497 4
-444.629 4073.12 83.4296 4
-443.161 4067.3 83.2061 4
-441.689 4061.49 82.9737 4
-440.213 4055.68 82.7321 4
-438.733 4049.87 82.4807 4
-437.248 4044.06 82.2188 4
-435.76 4038.26 81.9486 4
-434.264 4032.45 81.6813 0
-432.761 4026.65 81.4186 0
-431.249 4020.85 81.1607 0
-429.729 4015.05 80.9079 0
-428.198 4009.26 80.6603 0
-426.658 4003.46 80.418 0
-425.106 3997.67 80.1811 0
-423.543 3991.88 79.9495 0
-421.968 3986.1 79.7232 0
-419.581 3977.43 79.393 0
-417.165 3968.76 79.0726 0
-415.539 3962.99 78.8633 0
-413.901 3957.22 78.6565 4
-412.252 3951.46 78.4512 4
-410.592 3945.69 78.2464 4
-408.924 3939.93 78.0411 4
-407.25 3934.18 77.8342 4
-405.569 3928.42 77.6248 0
-403.042 3919.79 77.3043 0
-402.198 3916.91 77.1955 0
-400.51 3911.16 76.9744 0
-397.979 3902.53 76.6337 0
-396.292 3896.78 76.4003 0
-394.608 3891.02 76.1616 0
-392.911 3885.27 75.9179 0
-391.125 3879.55 75.6688 0
-389.249 3873.86 75.415 0
-387.296 3868.19 75.1572 0
-385.275 3862.55 74.8959 0
-383.191 3856.93 74.6316 0
-381.051 3851.33 74.3645 0
-378.86 3845.75 74.095 0
-376.623 3840.19 73.8232 0
-374.341 3834.64 73.5247 0
-373.184 3831.88 73.4117 0
-370.841 3826.36 73.1351 0
-368.459 3820.86 72.8567 0
-366.04 3815.38 72.5768 0
-363.587 3809.91 72.2954 0
-361.099 3804.46 72.0126 0
-358.578 3799.02 71.7284 0
-356.024 3793.6 71.4429 0
-353.437 3788.19 71.1562 0
-350.818 3782.8 70.8683 0
-348.166 3777.43 70.5792 0
-345.482 3772.07 70.289 0
-342.764 3766.73 69.9977 0
-340.011 3761.41 69.7053 0
-335.814 3753.46 69.2647 0
-332.968 3748.18 68.9695 0
-330.08 3742.93 68.6733 0
-325.661 3735.1 68.2267 0
-321.12 3727.35 67.7774 0
-316.431 3719.68 67.3251 0
-313.198 3714.63 67.0217 0
-309.852 3709.66 66.7166 0
-304.582 3702.38 66.2753 0
-299.085 3695.27 65.8686 0
-293.425 3688.28 65.4838 0
-281.751 3674.6 64.7498 0
-277.777 3670.11 64.5105 0
-273.768 3665.65 64.2723 0
-269.728 3661.22 64.0342 0
-265.658 3656.82 63.7956 0
-261.562 3652.44 63.5559 0
-257.44 3648.09 63.3146 0
-253.293 3643.76 63.0711 0
-249.124 3639.45 62.8003 0
-247.032 3637.31 62.7008 0
-242.83 3633.03 62.4498 0
-238.608 3628.78 62.1952 0
-234.366 3624.54 61.9118 0
-232.237 3622.43 61.8053 0
-227.966 3618.22 61.5395 0
-223.676 3614.04 61.2685 0
-219.367 3609.87 60.9919 0
-215.041 3605.73 60.7094 0
-210.696 3601.6 60.4204 0
-206.333 3597.49 60.1244 0
-201.952 3593.4 59.8212 0
-197.554 3589.33 59.51 0
-193.137 3585.28 59.1904 0
-188.702 3581.26 58.8619 0
-184.249 3577.25 58.5239 0
-179.777 3573.26 58.1755 0
-175.286 3569.3 57.8164 0
-168.514 3563.4 57.2639 0
-159.424 3555.6 56.5549 0
-150.265 3547.87 55.884 0
-141.038 3540.23 55.2504 0
-134.073 3534.54 54.799 0
-124.727 3527.04 54.2281 0
-115.313 3519.62 53.667 0
-110.58 3515.94 53.4361 0
-96.2794 3505.03 52.693 0
-89.0715 3499.65 52.3848 0
-81.8249 3494.32 52.0688 0
-76.9728 3490.8 51.8671 0
-69.6619 3485.56 51.5776 0
-54.924 3475.24 51.043 0
-45.012 3468.48 50.7173 0
-37.5314 3463.49 50.4876 0
-22.4512 3453.67 50.0373 0
-17.3887 3450.45 49.929 0
-4.65271 3442.53 49.5882 0
18.491 3428.63 49.188 0
31.3839 3420.97 49.0097 0
49.451 3410.27 48.7788 0
59.7813 3404.16 48.652 0
80.4539 3391.97 48.3797 0
93.3817 3384.37 48.2517 0
101.14 3379.81 48.1604 0
108.901 3375.25 48.0691 0
116.663 3370.7 47.9778 0
124.428 3366.15 47.8863 0
129.605 3363.11 47.8252 0
137.372 3358.57 47.7333 0
145.14 3354.02 47.641 0
155.502 3347.97 47.5171 0
168.457 3340.41 47.3609 0
178.825 3334.37 47.2346 0
186.603 3329.85 47.139 0
194.383 3325.32 47.0426 0
202.134 3320.75 46.9586 0
207.261 3317.63 46.919 0
212.428 3314.58 46.8624 0
217.633 3311.6 46.79 0
222.855 3308.65 46.7103 0
230.702 3304.24 46.5842 0
238.56 3299.86 46.4538 0
246.424 3295.48 46.3208 0
252.448 3292.11 46.2131 0
260.269 3287.66 46.0564 0
265.47 3284.67 45.9432 0
270.666 3281.67 45.8245 0
275.861 3278.67 45.7011 0
283.662 3274.19 45.5094 0
291.48 3269.73 45.312 0
296.707 3266.79 45.1784 0
301.949 3263.87 45.0441 0
307.208 3260.99 44.9095 0
312.527 3258.11 44.7739 0
317.783 3255.32 44.6418 0
323.103 3252.55 44.5097 0
328.445 3249.82 44.3792 0
333.812 3247.14 44.2509 0
339.202 3244.51 44.125 0
344.618 3241.93 44.0019 0
350.059 3239.41 43.8819 0
355.527 3236.94 43.7654 0
361.02 3234.53 43.6524 0
366.538 3232.18 43.5433 0
372.083 3229.88 43.4384 0
377.652 3227.66 43.3377 0
386.053 3224.43 43.1952 0
391.684 3222.36 43.106 0
397.339 3220.36 43.0216 0
403.017 3218.42 42.9423 0
408.717 3216.55 42.8679 0
417.307 3213.87 42.7662 0
428.833 3210.53 42.6488 0
440.428 3207.44 42.5507 0
449.149 3205.22 42.479 0
457.885 3203.05 42.4067 0
466.636 3200.96 42.334 0
475.404 3198.93 42.2613 0
484.188 3196.97 42.1886 0
492.989 3195.08 42.1165 0
498.865 3193.87 42.0687 0
504.748 3192.69 42.0213 0
510.638 3191.55 41.9744 0
516.535 3190.45 41.9281 0
522.439 3189.38 41.8823 0
528.35 3188.35 41.8373 0
534.268 3187.36 41.793 0
540.192 3186.41 41.7496 0
546.123 3185.5 41.7071 0
552.059 3184.63 41.6656 0
558.001 3183.8 41.6251 0
563.95 3183.02 41.5858 0
569.903 3182.27 41.5477 0
575.862 3181.57 41.5108 0
581.825 3180.91 41.4752 0
587.793 3180.29 41.4411 0
593.765 3179.72 41.4083 0
602.731 3178.94 41.3619 0
608.713 3178.47 41.3329 0
614.698 3178.05 41.3055 0
620.686 3177.66 41.2797 0
626.676 3177.33 41.2556 0
635.666 3176.9 41.2227 0
644.66 3176.57 41.1938 0
653.657 3176.34 41.1689 0
659.656 3176.23 41.1546 0
668.655 3176.15 41.1366 0
677.655 3176.17 41.1229 0
683.655 3176.23 41.1162 0
689.654 3176.33 41.1113 0
698.651 3176.55 41.1077 0
704.648 3176.76 41.107 0
713.638 3177.17 41.1012 0
722.622 3177.71 41.0895 0
731.6 3178.34 41.0729 0
740.571 3179.06 41.0522 0
749.536 3179.85 41.0277 0
761.479 3181.01 40.9903 0
770.431 3181.95 40.959 0
782.357 3183.28 40.9136 0
791.296 3184.32 40.877 0
800.23 3185.41 40.8385 0
806.183 3186.16 40.8119 0
815.11 3187.3 40.7706 0
824.032 3188.48 40.7277 0
832.95 3189.69 40.6835 0
841.865 3190.93 40.638 0
850.775 3192.19 40.5913 0
856.714 3193.05 40.5595 0
862.651 3193.91 40.5273 0
871.554 3195.23 40.4782 0
879.374 3196.41 40.434 0
883.419 3197.03 40.4112 0
889.35 3197.93 40.3772 0
898.243 3199.31 40.3254 0
907.134 3200.71 40.2729 0
916.022 3202.13 40.2197 0
924.907 3203.56 40.1659 0
933.79 3205 40.1114 0
942.67 3206.46 40.0564 0
954.507 3208.44 39.9823 0
963.382 3209.93 39.9261 0
969.297 3210.93 39.8885 0
978.169 3212.45 39.8316 0
987.039 3213.98 39.7745 0
995.906 3215.52 39.717 0
1007.73 3217.58 39.6399 0
1019.54 3219.67 39.5625 0
1031.36 3221.78 39.4911 0
1043.17 3223.9 39.4553 0
1054.97 3226.04 39.4273 0
1063.83 3227.65 39.3894 0
1072.68 3229.27 39.3333 0
1078.58 3230.36 39.2948 0
1084.48 3231.45 39.2565 0
1093.33 3233.08 39.1994 0
1102.18 3234.73 39.1431 0
1113.97 3236.95 39.0739 0
1128.7 3239.81 38.9975 0
1137.53 3241.56 38.9567 0
1149.29 3243.94 38.9078 0
1161.04 3246.37 38.8646 0
1172.77 3248.87 38.8266 0
1181.57 3250.78 38.7958 0
1196.21 3254.05 38.7078 0
1210.83 3257.42 38.6185 0
1225.42 3260.9 38.5815 0
1237.07 3263.76 38.5602 0
1245.8 3265.96 38.5447 0
1257.42 3268.95 38.5243 0
1269.02 3272.02 38.5036 0
1277.71 3274.37 38.4874 0
1289.27 3277.58 38.4643 0
1300.81 3280.87 38.4389 0
1312.33 3284.23 38.4106 0
1320.95 3286.81 38.387 0
1329.56 3289.43 38.3612 0
1338.16 3292.1 38.3328 0
1346.74 3294.81 38.3017 0
1355.3 3297.57 38.2676 0
1363.86 3300.38 38.2301 0
1372.39 3303.23 38.1892 0
1380.91 3306.13 38.1446 0
1392.25 3310.06 38.0791 0
1403.56 3314.07 38.0062 0
1414.85 3318.14 37.9345 0
1426.13 3322.22 37.8744 0
1437.4 3326.34 37.8259 0
1445.85 3329.45 37.7968 0
1451.47 3331.54 37.7807 0
1459.91 3334.69 37.7614 0
1468.32 3337.87 37.7474 0
1476.73 3341.08 37.7385 0
1485.13 3344.33 37.7342 0
1499.08 3349.82 37.7363 0
1510.22 3354.29 37.7452 0
1518.55 3357.7 37.7553 0
1529.63 3362.32 37.7725 0
1540.67 3367.01 37.7928 0
1551.67 3371.8 37.8154 0
1559.9 3375.44 37.8331 0
1565.38 3377.9 37.8451 0
1573.57 3381.63 37.863 0
1584.46 3386.67 37.8862 0
1592.59 3390.51 37.9027 0
1600.71 3394.4 37.918 0
1608.8 3398.34 37.9319 0
1616.87 3402.32 37.9442 0
1624.92 3406.35 37.9545 0
1630.27 3409.06 37.9603 0
1638.28 3413.17 37.9671 0
1648.93 3418.7 37.9724 0
1662.19 3425.72 37.9727 0
1678.02 3434.29 37.9632 0
1696.39 3444.46 37.9378 0
1706.84 3450.35 37.9162 0
1725.07 3460.79 37.874 0
1743.27 3471.27 37.841 0
1758.87 3480.24 37.8136 0
1769.27 3486.23 37.7963 0
1779.67 3492.22 37.78 0
1790.07 3498.2 37.7644 0
1800.47 3504.19 37.7497 0
1808.27 3508.68 37.7391 0
1818.67 3514.67 37.7256 0
1829.07 3520.65 37.7129 0
1842.07 3528.13 37.6979 0
1852.47 3534.12 37.6866 0
1860.27 3538.61 37.6785 0
1870.67 3544.59 37.6682 0
1881.07 3550.58 37.6585 0
1891.48 3556.56 37.6494 0
1901.88 3562.54 37.6407 0
1909.68 3567.03 37.6345 0
1917.48 3571.51 37.6286 0
1927.89 3577.49 37.6211 0
1935.69 3581.98 37.6157 0
1948.7 3589.45 37.6072 0
1959.1 3595.43 37.6009 0
1966.91 3599.91 37.5963 0
1977.31 3605.88 37.5905 0
1985.12 3610.36 37.5863 0
1992.93 3614.84 37.5823 0
2000.73 3619.32 37.5784 0
2005.94 3622.31 37.5759 0
2013.75 3626.78 37.5722 0
2021.55 3631.26 37.5686 0
2029.36 3635.73 37.5651 0
2037.17 3640.2 37.5617 0
2044.98 3644.68 37.5583 0
2055.4 3650.64 37.5539 0
2065.82 3656.59 37.5496 0
2078.84 3664.04 37.5441 0
2091.86 3671.48 37.5387 0
2104.89 3678.91 37.5331 0
2112.71 3683.37 37.5296 0
2120.53 3687.83 37.5261 0
2130.96 3693.77 37.5212 0
2141.38 3699.7 37.516 0
2149.21 3704.15 37.512 0
2159.64 3710.08 37.5063 0
2172.69 3717.48 37.4986 0
2180.52 3721.92 37.4936 0
2190.96 3727.84 37.4866 0
2198.79 3732.27 37.4809 0
2209.24 3738.17 37.4727 0
2219.69 3744.07 37.4638 0
2230.14 3749.96 37.4541 0
2269.39 3771.98 37.4084 0
2316.58 3798.23 37.3255 0
2329.72 3805.46 37.2946 0
2350.77 3816.99 37.235 0
2369.25 3826.96 37.2833 0
2390.53 3838.05 37.474 0
2409.32 3847.43 37.6928 0
2430.99 3857.74 37.9786 0
2450.13 3866.37 38.2512 0
2469.45 3874.59 38.5402 0
2483.37 3880.19 38.7552 0
2491.77 3883.43 38.8873 0
2497.39 3885.53 38.9765 0
2503.02 3887.59 39.0667 0
2508.67 3889.6 39.1578 4
2514.34 3891.56 39.2498 4
2520.03 3893.47 39.3426 4
2525.73 3895.33 39.4362 4
2531.46 3897.13 39.5306 4
2540.08 3899.71 39.6737 4
2548.74 3902.16 39.8186 4
2554.53 3903.7 39.916 4
2560.35 3905.17 40.0142 4
2566.18 3906.57 40.113 4
2572.04 3907.88 40.2126 4
2577.91 3909.1 40.3128 4
2583.8 3910.23 40.4136 4
2588.67 3911.09 40.4967 4
2595.64 3912.19 40.617 0
2601.58 3913.01 40.7195 4
2607.54 3913.7 40.8225 4
2613.51 3914.26 40.926 4
2619.5 3914.68 41.0298 4
2625.49 3914.95 41.134 4
2634.49 3915.05 41.2906 0
2640.49 3914.88 41.395 0
2646.47 3914.54 41.4997 0
2652.46 3914.08 41.6048 0
2658.43 3913.51 41.71 0
2664.39 3912.82 41.8149 0
2670.33 3912.01 41.919 0
2679.22 3910.58 42.0727 0
2685.11 3909.48 42.1728 0
2693.91 3907.6 42.3186 0
2702.65 3905.45 42.4578 0
2711.31 3903.01 42.5891 0
2719.89 3900.31 42.7115 0
2728.38 3897.32 42.8238 0
2736.77 3894.06 42.9249 0
2745.04 3890.52 43.0139 0
2750.5 3888.02 43.0661 0
2755.89 3885.39 43.1123 0
2761.23 3882.65 43.1523 0
2766.5 3879.79 43.1859 0
2771.71 3876.81 43.213 0
2776.86 3873.73 43.2335 0
2781.93 3870.53 43.2471 0
2786.94 3867.23 43.2538 0
2791.88 3863.82 43.2535 0
2796.74 3860.31 43.2461 0
2801.53 3856.7 43.2315 0
2806.25 3852.99 43.2098 0
2810.88 3849.17 43.1836 0
2815.39 3845.22 43.1623 0
2819.79 3841.13 43.1464 0
2824.06 3836.91 43.1354 0
2828.21 3832.58 43.1285 0
2832.24 3828.14 43.1252 0
2836.15 3823.59 43.125 0
2839.95 3818.95 43.1272 0
2843.63 3814.21 43.1315 0
2847.2 3809.39 43.1374 0
2852.34 3802 43.1483 0
2857.24 3794.45 43.1606 0
2860.38 3789.34 43.1689 0
2863.41 3784.16 43.1771 0
2867.76 3776.28 43.1883 0
2871.9 3768.29 43.1975 0
2874.54 3762.9 43.2021 0
2877.08 3757.46 43.2053 0
2879.53 3751.99 43.2068 0
2883.03 3743.7 43.2056 0
2886.35 3735.33 43.1997 0
2888.44 3729.71 43.1929 0
2890.46 3724.06 43.1837 0
2892.37 3718.46 43.1719 0
2894.25 3712.67 43.1576 0
2896.03 3706.94 43.1404 0
2897.73 3701.19 43.1203 0
2899.35 3695.41 43.0973 0
2901.07 3688.69 43.0612 0
2902.33 3682.83 43.047 0
2903.41 3676.93 43.0404 0
2904.33 3670.99 43.041 0
2905.07 3665.04 43.0486 0
2905.66 3659.07 43.0627 0
2906.1 3653.09 43.0831 0
2906.4 3647.1 43.1096 0
2906.56 3641.1 43.1417 0
2906.58 3635.1 43.1794 0
2906.48 3629.1 43.2222 0
2906.26 3623.1 43.2701 0
2905.93 3617.11 43.3227 0
2905.48 3611.13 43.38 0
2904.93 3605.16 43.4415 0
2904.28 3599.19 43.5074 0
2903.53 3593.24 43.5773 0
2902.69 3587.3 43.6512 0
2901.75 3581.37 43.7289 0
2900.75 3575.55 43.809 0
2899.64 3569.65 43.8939 0
2898.45 3563.77 43.9824 0
2897.19 3557.91 44.0743 0
2895.82 3551.96 44.1713 0
2894.42 3546.23 44.2685 0
2892.9 3540.33 44.3724 0
2891.35 3534.63 44.4765 0
2889.71 3528.86 44.5858 0
2888 3523.11 44.699 0
2886.21 3517.39 44.8165 0
2884.35 3511.68 44.9389 0
2882.39 3505.91 45.0704 0
2880.43 3500.34 45.2075 0
2878.45 3494.68 45.3337 0
2876.47 3489.02 45.4404 0
2874.49 3483.36 45.5294 0
2872.51 3477.69 45.6019 0
2870.54 3472.03 45.6592 0
2868.56 3466.36 45.703 0
2866.57 3460.7 45.7346 0
2864.58 3455.04 45.7556 0
2862.57 3449.39 45.7673 0
2860.55 3443.74 45.7713 0
2858.52 3438.09 45.769 0
2856.46 3432.46 45.7621 0
2854.39 3426.83 45.7519 0
2852.29 3421.21 45.74 0
2850.16 3415.6 45.728 0
2848 3410 45.7172 0
2845.82 3404.41 45.7094 0
2843.61 3398.83 45.7027 0
2841.4 3393.25 45.6923 0
2839.19 3387.68 45.6779 0
2836.97 3382.1 45.6595 0
2834.76 3376.52 45.6369 0
2832.54 3370.95 45.6101 0
2830.31 3365.38 45.5791 0
2828.09 3359.8 45.5438 0
2825.86 3354.24 45.5044 0
2823.62 3348.67 45.4609 0
2821.34 3343.01 45.4125 0
2819.1 3337.45 45.3611 0
2816.85 3331.89 45.3059 0
2814.59 3326.33 45.247 0
2812.33 3320.77 45.1847 0
2810.06 3315.22 45.1221 0
2807.78 3309.67 45.0708 0
2805.49 3304.12 45.0298 0
2803.19 3298.58 44.9971 0
2800.88 3293.04 44.9707 0
2798.57 3287.5 44.949 0
2796.24 3281.98 44.9303 0
2793.9 3276.45 44.9132 0
2791.55 3270.93 44.8963 0
2789.19 3265.41 44.8783 0
2786.82 3259.9 44.858 0
2784.43 3254.4 44.8342 0
2782.04 3248.9 44.8057 0
2779.63 3243.4 44.7714 0
2777.21 3237.91 44.7303 0
2774.77 3232.43 44.6813 0
2772.33 3226.95 44.6232 0
2769.87 3221.48 44.5551 0
2767.39 3216.01 44.4758 0
2764.9 3210.55 44.3849 0
2762.39 3205.1 44.2881 0
2759.85 3199.67 44.1876 0
2757.29 3194.24 44.0841 0
2754.71 3188.83 43.9778 0
2752.12 3183.42 43.8694 0
2749.5 3178.02 43.7591 0
2746.88 3172.62 43.6473 0
2744.24 3167.24 43.5343 0
2741.59 3161.85 43.4204 0
2738.94 3156.47 43.306 0
2736.27 3151.1 43.1912 0
2733.6 3145.73 43.0764 0
2730.92 3140.36 42.962 0
2728.24 3135 42.8481 0
2725.64 3129.68 42.7354 0
2722.91 3124.36 42.6252 0
2720.21 3119 42.5152 0
2717.52 3113.64 42.4072 0
2714.83 3108.27 42.3018 0
2712.15 3102.91 42.1997 0
2709.46 3097.54 42.1014 0
2706.77 3092.18 42.0028 0
2704.05 3086.84 41.8977 0
2701.29 3081.51 41.7864 0
2698.51 3076.2 41.6694 0
2695.69 3070.9 41.5471 0
2692.84 3065.62 41.4202 0
2689.96 3060.36 41.2893 0
2687.05 3055.11 41.1552 0
2684.11 3049.89 41.0188 0
2681.14 3044.67 40.881 0
2678.14 3039.48 40.7429 0
2675.11 3034.3 40.6056 0
2672.06 3029.13 40.4703 0
2668.99 3023.98 40.3382 0
2665.9 3018.84 40.2106 0
2659.592 3008.6 39.9753 0
2657.72388 3005.46436 39.9753 0
2655.54346 3001.431 39.9753 0
2634.444 2963.67 39.3672 0
2631.654 2958.8 39.2887 0
2628.713 2953.37866 39.211 0
2627.68164 2951.87183 39.211 0
2625.63 2949.06 39.134 0
2622.12 2944.2 39.0575 0
2618.61 2939.33 38.9815 0
2615.1 2934.46 38.9058 0
2611.59 2929.6 38.8305 0
2608.08 2924.73 38.7554 0
2602.81 2917.44 38.6433 0
2599.3 2912.57 38.5686 0
2595.79 2907.71 38.4941 0
2592.28 2902.84 38.4197 0
2588.77 2897.98 38.3452 0
2585.25 2893.12 38.2707 0
2581.74 2888.25 38.196 0
2578.22 2883.39 38.1212 0
2574.71 2878.53 38.046 0
2571.19 2873.67 37.9705 0
2567.68 2868.81 37.8945 0
2564.16 2863.95 37.8178 0
2560.64 2859.09 37.7401 0
2557.12 2854.23 37.6609 0
2553.6 2849.37 37.5797 0
2551.84 2846.94 37.5378 0
2548.31 2842.09 37.4495 0
2545.5 2838.21 37.3967 0
2542 2833.33 37.3835 0
2538.51 2828.45 37.3701 0
2535.01 2823.58 37.3564 0
2531.52 2818.7 37.3427 0
2528.03 2813.82 37.3289 0
2524.55 2808.93 37.3152 0
2521.07 2804.04 37.3016 0
2517.6 2799.15 37.2884 0
2514.14 2794.24 37.2755 0
2510.69 2789.33 37.2633 0
2507.26 2784.41 37.252 0
2503.85 2779.48 37.2418 0
2500.45 2774.53 37.233 0
2497.08 2769.57 37.226 0
2493.75 2764.58 37.2212 0
2490.44 2759.57 37.2191 0
2487.19 2754.53 37.2204 0
2483.98 2749.46 37.2256 0
2480.83 2744.35 37.2357 0
2477.75 2739.2 37.2515 0
2474.76 2734.01 37.274 0
2471.85 2728.76 37.3042 0
2469.06 2723.45 37.3433 0
2467.7 2720.77 37.3664 0
2465.08 2715.37 37.4206 0
2462.6 2709.91 37.486 0
2460.26 2704.39 37.5633 0
2458.06 2698.81 37.6526 0
2456 2693.17 37.7541 0
2454.09 2687.49 37.8673 0
2452.31 2681.76 37.9916 0
2450.64 2675.99 38.1262 0
2449.1 2670.2 38.274 0
2447.72 2664.36 38.4613 0
2446.51 2658.49 38.6693 0
2445.46 2652.59 38.8832 0
2444.54 2646.66 39.0952 0
2443.75 2640.72 39.3013 0
2443.07 2634.76 39.4992 0
2442.49 2628.79 39.6873 0
2442.02 2622.81 39.8647 0
2441.64 2616.83 40.0314 0
2441.35 2610.83 40.1866 0
2441.15 2604.84 40.3306 0
2441.02 2598.84 40.4634 0
2440.97 2592.84 40.5849 0
2440.99 2586.85 40.6955 0
2441.07 2580.85 40.7952 0
2441.22 2574.85 40.8844 0
2441.44 2568.85 40.9629 0
2441.71 2562.86 41.0315 0
2442.04 2556.87 41.0898 0
2442.43 2550.88 41.1387 0
2442.87 2544.9 41.1778 0
2443.36 2538.92 41.2076 0
2443.9 2532.94 41.2284 0
2444.49 2526.97 41.2404 0
2445.12 2521.01 41.2437 0
2445.8 2515.04 41.2385 0
2446.9 2506.11 41.2152 0
2447.68 2500.16 41.1895 0
2448.51 2494.22 41.1561 0
2449.37 2488.28 41.115 0
2450.27 2482.35 41.0655 0
2451.25 2476.43 40.9834 0
2452.32 2470.53 40.8647 0
2453.45 2464.64 40.716 0
2454.65 2458.76 40.5419 0
2455.91 2452.9 40.346 0
2457.22 2447.05 40.1317 0
2458.58 2441.21 39.9014 0
2459.98 2435.38 39.6573 0
2461.43 2429.56 39.4011 0
2462.91 2423.76 39.1344 0
2464.44 2417.96 38.8588 0
2466 2412.17 38.5754 0
2467.59 2406.4 38.2852 0
2469.22 2400.63 37.9896 0
2470.89 2394.87 37.6892 0
2472.59 2389.13 37.3851 0
2474.32 2383.39 37.0781 0
2476.09 2377.66 36.7691 0
2477.89 2371.95 36.459 0
2479.72 2366.25 36.1485 0
2481.59 2360.55 35.8385 0
2483.5 2354.87 35.5299 0
2485.45 2349.21 35.2237 0
2487.43 2343.55 34.9207 0
2489.45 2337.91 34.6221 0
2491.52 2332.29 34.329 0
2493.65 2326.68 34.0412 0
2495.83 2321.1 33.7588 0
2498.08 2315.54 33.4821 0
2499.22 2312.77 33.3461 0
2500.38 2310.01 33.2117 0
2501.55 2307.25 33.079 0
2502.74 2304.5 32.9481 0
2505.15 2299.01 32.6922 0
2507.61 2293.54 32.4449 0
2510.13 2288.1 32.2077 0
2512.7 2282.69 31.9826 0
2515.32 2277.29 31.7725 0
2517.99 2271.93 31.5817 0
2520.73 2266.59 31.4184 0
2523.53 2261.28 31.2988 0
2527.87 2253.4 31.2633 0
2532.29 2245.56 31.2631 0
2536.75 2237.74 31.2629 0
2541.24 2229.94 31.2625 0
2545.76 2222.16 31.2621 0
2548.79 2216.98 31.2618 0
2551.82 2211.81 31.2616 0
2554.87 2206.63 31.2613 0
2557.91 2201.46 31.2611 0
2560.96 2196.3 31.261 0
2565.54 2188.55 31.2609 0
2568.58 2183.38 31.2609 0
2571.63 2178.21 31.261 0
2576.19 2170.45 31.2614 0
2580.73 2162.68 31.262 0
2583.75 2157.49 31.2626 0
2588.25 2149.7 31.2638 0
2589.73 2147.09 31.2642 0
2592.55 2141.79 31.2649 0
2593.89 2139.11 31.2652 0
2595.19 2136.41 31.2654 0
2597.64 2130.93 31.2657 0
2599.88 2125.36 31.2659 0
2601.89 2119.71 31.2659 0
2603.68 2113.99 31.2657 0
2605.24 2108.19 31.2655 0
2605.94 2105.27 31.2653 0
2606.58 2102.34 31.2652 0
2607.7 2096.45 31.2648 0
2608.62 2090.52 31.2644 0
2609.36 2084.57 31.2641 0
2609.94 2078.6 31.2637 0
2610.38 2072.61 31.2635 0
2610.7 2066.62 31.2633 0
2610.91 2060.62 31.2633 0
2611.05 2054.63 31.2633 0
2611.13 2048.63 31.239 0
2611.21 2042.63 31.1766 0
2611.27 2036.63 31.0854 0
2611.31 2030.63 30.972 0
2611.35 2024.63 30.842 0
2611.39 2018.63 30.698 0
2611.41 2012.63 30.5436 0
2611.43 2006.64 30.3809 0
2611.45 2000.64 30.2116 0
2611.46 1994.64 30.0371 0
2611.47 1988.64 29.8587 0
2611.48 1982.65 29.6776 0
2611.48 1976.65 29.4945 0
2611.49 1973.65 29.4026 0
2611.49 1967.65 29.2181 0
2611.48 1961.66 29.0336 0
2611.48 1955.66 28.8496 0
2611.48 1949.66 28.6666 0
2611.47 1943.67 28.485 0
2611.46 1937.67 28.3055 0
2611.45 1931.67 28.1282 0
2611.44 1925.67 27.9535 0
2611.43 1919.68 27.782 0
2611.42 1913.68 27.6138 0
2611.41 1907.68 27.449 0
2611.4 1901.68 27.2884 0
2611.38 1895.68 27.1319 0
2611.37 1889.69 26.9798 0
2611.36 1883.69 26.8326 0
2611.34 1877.69 26.69 0
2611.33 1871.69 26.553 0
2611.31 1865.69 26.421 0
2611.3 1859.69 26.295 0
2611.28 1853.7 26.1744 0
2611.27 1847.7 26.0605 0
2611.26 1841.7 25.9523 0
2611.24 1835.7 25.851 0
2611.23 1829.7 25.7561 0
2611.21 1823.7 25.6683 0
2611.2 1817.7 25.5876 0
2611.19 1811.7 25.514 0
2611.17 1805.7 25.4484 0
2611.16 1799.7 25.3898 0
2611.15 1793.7 25.3401 0
2611.14 1787.7 25.298 0
2611.12 1781.7 25.2646 0
2611.11 1775.7 25.2398 0
2611.1 1769.7 25.2234 0
2611.09 1763.7 25.2169 0
2611.09 1757.7 25.219 0
2611.08 1751.7 25.2312 0
2611.07 1748.7 25.2405 0
2611.07 1745.7 25.2531 0
2611.06 1739.7 25.2845 0
2611.06 1733.7 25.3274 0
2611.05 1727.7 25.38 0
2611.05 1721.7 25.4437 0
2611.05 1715.7 25.5189 0
2611.05 1709.7 25.6047 0
2611.05 1703.7 25.7023 0
2611.04 1697.71 25.8032 0
2611.04 1691.71 25.9039 0
2611.04 1685.71 26.0045 1
2611.03 1679.71 26.1052 0
2611.03 1673.71 26.2062 0
2611.02 1667.71 26.3075 0
2611.01 1661.71 26.4093 0
2611 1655.71 26.5119 0
2610.99 1649.71 26.6153 0
2610.98 1643.71 26.7196 0
2610.97 1637.71 26.8251 0
2610.96 1631.72 26.9318 0
2610.94 1625.72 27.04 0
2610.93 1619.72 27.1498 0
2610.92 1613.72 27.2613 0
2610.91 1607.72 27.3746 0
2610.89 1601.72 27.49 0
2610.88 1595.72 27.6074 0
2610.87 1589.72 27.7272 0
2610.85 1583.72 27.8495 0
2610.84 1577.73 27.9743 0
2610.83 1571.73 28.1019 0
2610.81 1565.73 28.2323 0
2610.8 1559.73 28.3657 0
2610.79 1553.73 28.5022 0
2610.78 1547.73 28.642 0
2610.77 1541.74 28.7854 0
2610.76 1535.74 28.9323 0
2610.75 1529.74 29.0829 0
2610.75 1523.74 29.2374 0
2610.74 1517.74 29.3958 0
2610.73 1511.74 29.5583 0
2610.73 1505.75 29.7252 0
2610.73 1499.75 29.8965 0
2610.73 1493.75 30.0724 0
2610.73 1487.76 30.253 0
2610.73 1481.76 30.4384 0
2610.73 1475.76 30.6287 0
2610.73 1469.76 30.8241 0
2610.74 1463.77 31.025 0
2610.75 1457.77 31.2312 0
2610.76 1451.77 31.4429 0
2610.77 1445.78 31.6603 0
2610.79 1439.78 31.8834 0
2610.8 1433.79 32.1125 0
2610.82 1427.79 32.3479 0
2610.84 1421.8 32.5896 0
2610.86 1415.8 32.8375 0
2610.89 1409.81 33.092 0
2610.92 1403.81 33.3531 0
2610.95 1397.82 33.6209 0
2610.98 1391.83 33.8959 0
2611.02 1385.83 34.178 0
2611.06 1379.84 34.4679 0
2611.1 1373.85 34.7655 0
2611.14 1367.85 35.0713 0
2611.18 1361.86 35.3852 0
2611.23 1355.87 35.7071 0
2611.27 1349.88 36.037 0
2611.32 1343.89 36.3752 0
2611.37 1337.9 36.721 0
2611.42 1331.91 37.0741 0
2611.47 1325.92 37.4345 0
2611.53 1319.93 37.802 0
2611.59 1313.95 38.1765 0
2611.65 1307.96 38.5584 0
2611.71 1301.97 38.9474 0
2611.78 1295.99 39.3431 0
2611.85 1290 39.7452 0
2611.93 1284.01 40.1538 0
2612.01 1278.03 40.5686 0
2612.09 1272.04 40.9899 0
2612.18 1266.06 41.4178 0
2612.27 1260.08 41.8516 0
2612.37 1254.09 42.2912 0
2612.47 1248.11 42.7365 0
2612.58 1242.13 43.1875 0
2612.69 1236.15 43.6444 0
2612.81 1230.17 44.107 0
2612.94 1224.19 44.5748 0
2613.07 1218.21 45.0478 0
2613.21 1212.23 45.5258 0
2613.35 1206.25 46.0093 0
2613.51 1200.27 46.4978 0
2613.67 1194.29 46.9911 0
2613.84 1188.32 47.4889 0
2614.01 1182.34 47.9914 0
2614.2 1176.36 48.4988 0
2614.4 1170.39 49.0105 0
2614.6 1164.41 49.5264 0
2614.82 1158.44 50.0463 0
2615.04 1152.47 50.5708 0
2615.28 1146.5 51.099 0
2615.52 1140.52 51.631 0
2615.78 1134.55 52.1667 0
2616.06 1128.58 52.7062 0
2616.34 1122.62 53.2491 0
2616.64 1116.65 53.7951 0
2616.95 1110.68 54.3447 0
2617.28 1104.72 54.8971 0
2617.62 1098.75 55.4523 0
2617.98 1092.79 56.0106 0
2618.35 1086.83 56.5713 0
2618.74 1080.87 57.1344 0
2619.16 1074.91 57.7 0
2619.59 1068.95 58.2674 0
2620.04 1062.99 58.8368 0
2620.51 1057.04 59.4079 0
2621 1051.09 59.9805 0
2621.52 1045.14 60.5543 0
2622.06 1039.19 61.129 0
2622.63 1033.24 61.7046 0
2623.23 1027.3 62.2806 0
2623.86 1021.36 62.8567 0
2624.51 1015.43 63.4326 0
2625.2 1009.49 64.008 0
2626.3 1000.6 64.8692 0
2627.09 994.682 65.4414 0
2627.91 988.766 66.0115 0
2628.78 982.857 66.5791 0
2629.69 976.954 67.1432 0
2630.66 971.059 67.7034 0
2631.68 965.172 68.2589 0
2632.76 959.296 68.8088 0
2633.9 953.431 69.3521 0
2635.12 947.58 69.8873 0
2636.41 941.745 70.4134 0
2637.77 935.922 70.9278 0
2639.04 930.081 71.4233 0
2640.23 924.22 71.9044 0
2641.37 918.347 72.3748 0
2642.46 912.466 72.8368 0
2643.52 906.576 73.2919 0
2644.54 900.682 73.7411 0
2645.54 894.783 74.1851 0
2646.52 888.879 74.6245 0
2647.48 882.972 75.0596 0
2648.42 877.062 75.4909 0
2649.34 871.149 75.9185 0
2650.25 865.234 76.3427 0
2651.15 859.316 76.7636 0
2652.04 853.397 77.1814 0
2652.91 847.475 77.5962 0
2653.77 841.552 78.008 0
2654.63 835.627 78.417 0
2655.47 829.7 78.8231 0
2656.3 823.772 79.2264 0
2657.13 817.843 79.6269 0
2657.94 811.911 80.0246 0
2658.75 805.979 80.4195 0
2659.54 800.045 80.8116 0
2660.33 794.11 81.2009 0
2661.11 788.174 81.5873 0
2661.89 782.236 81.9707 0
2662.65 776.297 82.3512 0
2663.41 770.357 82.7286 0
2664.16 764.416 83.1027 0
2664.9 758.473 83.4737 0
2665.26 755.501 83.6579 0
2665.99 749.557 84.0237 0
2666.71 743.611 84.3859 0
2667.42 737.664 84.7444 0
2668.12 731.715 85.0989 0
2668.81 725.766 85.4492 0
2669.49 719.815 85.795 0
2670.11 713.855 86.125 0
2670.64 707.887 86.4377 0
2671.12 701.914 86.7384 0
2671.57 695.938 87.0296 0
2671.98 689.959 87.3133 0
2672.37 683.978 87.5904 0
2672.74 677.995 87.8617 0
2673.09 672.012 88.1277 0
2673.42 666.027 88.389 0
2673.74 660.041 88.6456 0
2674.05 654.054 88.898 0
2674.34 648.066 89.146 0
2674.62 642.077 89.3899 0
2674.89 636.088 89.6299 0
2675.15 630.099 89.8656 0
2675.4 624.108 90.0974 0
2675.64 618.117 90.3251 0
2675.87 612.126 90.5486 0
2676.09 606.134 90.7677 0
2676.3 600.142 90.9825 0
2676.5 594.149 91.1927 0
2676.69 588.155 91.3982 0
2676.87 582.161 91.5985 0
2677.04 576.167 91.7936 0
2677.2 570.172 91.9831 0
2677.35 564.177 92.1664 0
2677.49 558.181 92.3432 0
2677.61 552.185 92.513 0
2677.73 546.188 92.6747 0
2677.82 540.19 92.828 0
2677.9 534.193 92.9713 0
2677.97 528.194 93.1038 0
2678.01 522.196 93.2234 0
2678.03 516.197 93.3277 0
2678.02 510.197 93.4141 0
2677.97 504.198 93.478 0
2677.88 498.199 93.5122 0
2677.74 492.2 93.5157 0
2677.57 486.203 93.5185 0
2677.38 480.206 93.5236 0
2677.17 474.209 93.5301 0
2676.96 468.213 93.5375 0
2676.74 462.217 93.5455 0
2676.51 456.222 93.554 0
2676.28 450.226 93.5628 0
2676.04 444.231 93.5719 0
2675.79 438.236 93.5811 0
2675.54 432.241 93.5903 0
2675.28 426.247 93.5996 0
2675.02 420.253 93.6089 0
2674.76 414.258 93.6182 0
2674.48 408.265 93.6274 0
2674.21 402.271 93.6365 0
2673.93 396.278 93.6455 0
2673.64 390.284 93.6543 0
2673.35 384.291 93.6629 0
2673.06 378.299 93.6714 0
2672.76 372.306 93.6796 0
2672.45 366.314 93.6876 0
2672.14 360.322 93.6953 0
2671.82 354.33 93.7027 0
2671.5 348.339 93.7098 0
2671.17 342.348 93.7163 0
2670.85 336.352 93.7098 0
2670.52 330.356 93.702 0
2670.17 324.361 93.6929 0
2669.8 318.366 93.6825 0
2669.42 312.372 93.6709 0
2669.02 306.378 93.6581 0
2668.61 300.386 93.6441 0
2668.18 294.394 93.6289 0
2667.73 288.403 93.6125 0
2667.26 282.413 93.5951 0
2666.77 276.425 93.5766 0
2666.26 270.439 93.5571 0
2665.73 264.453 93.5366 0
2665.17 258.47 93.5151 0
2664.59 252.488 93.4928 0
2663.99 246.509 93.4696 0
2663.36 240.527 93.4457 0
2662.71 234.552 93.4211 0
2662.02 228.58 93.3958 0
2661.31 222.611 93.3699 0
2660.57 216.645 93.3435 0
2659.8 210.682 93.3166 0
2659 204.723 93.2894 0
2658.16 198.768 93.262 0
2657.29 192.818 93.2343 0
2656.38 186.872 93.2065 0
2655.44 180.932 93.1787 0
2654.46 174.997 93.151 0
2653.45 169.068 93.1235 0
2652.39 163.146 93.0963 0
2651.3 157.23 93.0694 0
2650.16 151.322 93.0431 0
2648.98 145.421 93.0174 0
2647.75 139.529 92.9924 0
2646.49 133.646 92.9683 0
2645.18 127.772 92.9451 0
2643.82 121.909 92.9231 0
2642.41 116.056 92.9022 0
2640.96 110.214 92.8827 0
2639.46 104.384 92.8647 0
2637.91 98.5669 92.8483 0
2636.32 92.7625 92.8335 0
2634.67 86.9714 92.8206 0
2632.97 81.1951 92.8098 0
2631.4 75.9972 92.7983 0
2629.61 70.2493 92.7925 0
2627.76 64.5173 92.7892 0
2625.87 58.8062 92.7882 0
2623.97 53.1146 92.7872 0
2622.06 47.4247 92.7849 0
2620.15 41.7349 92.7813 0
2618.24 36.0455 92.7766 0
2616.33 30.3572 92.7706 0
2614.41 24.6698 92.7635 0
2612.49 18.984 92.7555 0
2610.56 13.2998 92.7464 0
2608.62 7.61768 92.7364 0
2606.68 1.93469 92.7255 0
2604.72 -3.7428 92.7139 0
2602.76 -9.41675 92.7015 0
2600.79 -15.0879 92.6884 0
2598.8 -20.7552 92.6747 0
2596.81 -26.4186 92.6604 0
2594.8 -32.0781 92.6457 0
2592.77 -37.7324 92.6305 0
2590.73 -43.3826 92.6149 0
2588.68 -49.0269 92.599 0
2586.61 -54.6661 92.5828 0
2584.52 -60.2992 92.5664 0
2582.42 -65.9254 92.5499 0
2580.29 -71.5459 92.5333 0
2578.15 -77.1583 92.5166 0
2575.98 -82.7643 92.5001 0
2573.8 -88.3619 92.4836 0
2571.59 -93.9509 92.4672 0
2569.36 -99.5316 92.4511 0
2567.1 -105.102 92.4353 0
2564.82 -110.664 92.4198 0
2562.52 -116.216 92.4047 0
2560.19 -121.757 92.3901 0
2557.83 -127.287 92.3759 0
2555.44 -132.805 92.3624 0
2553.03 -138.312 92.3496 0
2550.58 -143.805 92.3374 0
2548.11 -149.286 92.326 0
2545.61 -154.753 92.3154 0
2543.07 -160.206 92.3057 0
2540.5 -165.645 92.2969 0
2537.9 -171.067 92.2893 0
2535.27 -176.475 92.2826 0
2532.6 -181.864 92.277 0
2529.89 -187.238 92.2727 0
2527.15 -192.594 92.2695 0
2524.37 -197.931 92.2677 0
2521.56 -203.25 92.2672 0
2518.71 -208.548 92.2682 0
2515.82 -213.83 92.2707 0
2512.89 -219.088 92.2746 0
2509.93 -224.323 92.2802 0
2506.92 -229.538 92.2873 0
2503.87 -234.726 92.2963 0
2500.79 -239.895 92.3069 0
2497.66 -245.036 92.3193 0
2494.49 -250.154 92.3336 0
2491.28 -255.247 92.3497 0
2488.02 -260.309 92.368 0
2484.73 -265.349 92.3881 0
2481.39 -270.358 92.4103 0
2478.01 -275.34 92.4346 0
2474.59 -280.292 92.4609 0
2471.12 -285.212 92.4896 0
2467.6 -290.104 92.5203 0
2464.05 -294.964 92.5533 0
2460.45 -299.791 92.5888 0
2456.81 -304.587 92.6264 0
2453.12 -309.346 92.6665 0
2449.39 -314.074 92.7089 0
2445.62 -318.768 92.7536 0
2441.8 -323.42 92.8009 0
2437.99 -328.053 92.8487 0
2434.17 -332.683 92.8963 0
2430.36 -337.314 92.9438 0
2426.54 -341.944 92.9911 0
2422.72 -346.573 93.0383 0
2418.9 -351.202 93.0854 0
2415.08 -355.829 93.1322 0
2411.26 -360.455 93.1789 0
2407.44 -365.079 93.2254 0
2403.61 -369.702 93.2718 0
2399.78 -374.323 93.318 0
2395.95 -378.942 93.364 0
2392.12 -383.559 93.4098 0
2388.28 -388.173 93.4555 0
2384.44 -392.785 93.5009 0
2380.59 -397.393 93.5462 0
2376.75 -401.999 93.5913 0
2372.89 -406.601 93.6362 0
2369.03 -411.204 93.6809 0
2365.17 -415.799 93.7254 0
2361.31 -420.39 93.7697 0
2357.44 -424.977 93.8138 0
2353.56 -429.56 93.8577 0
2349.68 -434.138 93.9013 0
2345.79 -438.712 93.9448 0
2341.89 -443.281 93.988 0
2337.99 -447.844 94.0311 0
2334.09 -452.402 94.0739 0
2330.17 -456.954 94.1165 0
2326.25 -461.499 94.1588 0
2322.32 -466.039 94.2009 0
2318.38 -470.572 94.2427 0
2314.44 -475.099 94.2843 0
2310.49 -479.619 94.3257 0
2306.52 -484.131 94.3668 0
2302.55 -488.636 94.4077 0
2298.58 -493.132 94.4483 0
2294.59 -497.62 94.4886 0
2290.59 -502.099 94.5286 0
2286.58 -506.57 94.5684 0
2282.56 -511.032 94.6078 0
2278.53 -515.485 94.647 0
2274.49 -519.928 94.686 0
2270.43 -524.361 94.7246 0
2266.37 -528.783 94.7629 0
2262.29 -533.194 94.8009 0
2258.2 -537.593 94.8385 0
2254.1 -541.981 94.8758 0
2249.99 -546.357 94.9129 0
2245.86 -550.721 94.9495 0
2241.71 -555.072 94.9859 0
2237.56 -559.41 95.0219 0
2233.39 -563.734 95.0575 0
2229.2 -568.044 95.0928 0
2225 -572.339 95.1277 0
2220.78 -576.619 95.1622 0
2216.55 -580.883 95.1963 0
2212.29 -585.133 95.23 0
2208.03 -589.363 95.2633 0
2203.74 -593.576 95.2962 0
2199.44 -597.771 95.3287 0
2195.11 -601.948 95.3607 0
2190.77 -606.105 95.3922 0
2186.41 -610.243 95.4234 0
2182.03 -614.36 95.454 0
2177.63 -618.456 95.4842 0
2173.21 -622.53 95.5138 0
2168.77 -626.581 95.543 0
2164.3 -630.609 95.5717 0
2159.81 -634.612 95.5998 0
2155.3 -638.59 95.6274 0
2150.77 -642.541 95.6544 0
2146.21 -646.466 95.6808 0
2141.63 -650.362 95.7067 0
2137.02 -654.229 95.732 0
2132.39 -658.067 95.7566 0
2127.73 -661.872 95.7806 0
2123.04 -665.646 95.804 0
2118.33 -669.385 95.8266 0
2113.59 -673.09 95.8486 0
2108.82 -676.759 95.8699 0
2104.02 -680.389 95.8905 0
2099.19 -683.982 95.9103 0
2094.33 -687.535 95.9293 0
2089.43 -691.045 95.9475 0
2084.51 -694.513 95.9649 0
2079.55 -697.935 95.9815 0
2074.57 -701.312 95.9973 0
2069.55 -704.639 96.0121 0
2064.49 -707.913 96.026 0
2059.4 -711.134 96.0389 0
2054.27 -714.301 96.0508 0
2049.11 -717.411 96.0618 0
2043.91 -720.462 96.0717 0
2038.67 -723.454 96.0806 0
2033.4 -726.382 96.0884 0
2028.1 -729.246 96.0951 0
2022.75 -732.039 96.1006 0
2017.36 -734.757 96.1048 0
2011.94 -737.401 96.1078 0
2006.48 -739.968 96.1096 0
2000.98 -742.458 96.1101 0
1995.44 -744.866 96.1093 0
1989.87 -747.185 96.1071 0
1984.23 -749.417 96.1036 0
1978.43 -751.411 96.1007 0
1972.56 -753.105 96.0991 0
1966.64 -754.542 96.0985 0
1960.68 -755.76 96.0986 0
1954.71 -756.792 96.0994 0
1948.71 -757.667 96.1006 0
1942.71 -758.411 96.102 0
1936.7 -759.045 96.1035 0
1930.7 -759.59 96.105 0
1924.69 -760.062 96.1064 0
1918.69 -760.477 96.1075 0
1912.68 -760.851 96.1083 0
1906.69 -761.197 96.1086 0
1900.69 -761.53 96.1083 0
1894.7 -761.862 96.1074 0
1888.72 -762.206 96.1056 0
1885.73 -762.386 96.1033 0
1879.74 -762.746 96.0529 0
1873.77 -763.126 95.934 0
1867.82 -763.567 95.7523 0
1861.91 -764.112 95.5134 0
1856.03 -764.806 95.2228 0
1850.2 -765.698 94.8865 0
1847.3 -766.233 94.7033 0
1841.59 -767.513 94.3116 0
1835.98 -769.117 93.893 0
1830.52 -771.092 93.4574 0
1825.25 -773.476 93.0162 0
1820.22 -776.271 92.5792 0
1815.34 -779.57 92.1628 0
1810.42 -782.976 91.745 0
1805.5 -786.383 91.3241 0
1800.58 -789.789 90.9001 0
1795.66 -793.197 90.4734 0
1790.74 -796.606 90.0438 0
1785.82 -800.013 89.6114 0
1780.9 -803.42 89.1765 0
1775.98 -806.827 88.7391 0
1771.06 -810.233 88.2991 0
1766.14 -813.638 87.8566 0
1761.22 -817.042 87.4118 0
1756.3 -820.445 86.9648 0
1751.37 -823.847 86.5154 0
1746.45 -827.247 86.0639 0
1741.52 -830.645 85.6105 0
1736.6 -834.042 85.1547 0
1731.67 -837.436 84.6972 0
1726.74 -840.827 84.2378 0
1721.81 -844.216 83.7765 0
1716.87 -847.602 83.3135 0
1711.94 -850.985 82.8488 0
1707 -854.364 82.3825 0
1702.06 -857.74 81.9148 0
1697.12 -861.111 81.4455 0
1692.17 -864.478 80.975 0
1687.22 -867.84 80.5031 0
1682.27 -871.197 80.03 0
1677.31 -874.549 79.5559 0
1672.35 -877.894 79.0807 0
1667.38 -881.233 78.6046 0
1662.41 -884.566 78.1277 0
1657.43 -887.891 77.6501 0
1652.45 -891.208 77.1719 0
1647.47 -894.517 76.6933 0
1642.47 -897.816 76.2143 0
1637.47 -901.106 75.7351 0
1632.46 -904.385 75.2559 0
1627.45 -907.653 74.7768 0
1622.42 -910.909 74.298 0
1617.39 -914.15 73.8197 0
1612.34 -917.378 73.3421 0
1607.29 -920.589 72.8654 0
1602.22 -923.784 72.39 0
1594.59 -928.541 71.6797 0
1586.94 -933.248 70.9742 0
1579.24 -937.898 70.2748 0
1574.08 -940.961 69.813 0
1568.9 -943.991 69.3554 0
1563.7 -946.982 68.9028 0
1558.47 -949.93 68.4563 0
1553.2 -952.83 68.017 0
1547.9 -955.668 67.5868 0
1542.56 -958.438 67.1674 0
1537.16 -961.123 66.7619 0
1531.69 -963.704 66.3737 0
1526.15 -966.151 66.0084 0
1520.51 -968.421 65.6744 0
1514.67 -970.422 65.3772 0
1508.66 -971.895 65.0612 0
1502.64 -972.956 64.7241 0
1496.6 -973.737 64.3744 0
1490.56 -974.301 64.0163 0
1484.52 -974.683 63.6523 0
1478.48 -974.908 63.2842 0
1472.43 -974.992 62.9131 0
1466.39 -974.942 62.5399 0
1460.36 -974.768 62.1652 0
1454.33 -974.472 61.7898 0
1445.3 -973.802 61.2262 0
1436.3 -972.863 60.6635 0
1427.32 -971.641 60.1032 0
1418.39 -970.126 59.5471 0
1409.5 -968.294 58.9969 0
1403.61 -966.878 58.6346 0
1397.77 -965.298 58.2766 0
1391.96 -963.537 57.924 0
1386.21 -961.576 57.5779 0
1380.53 -959.397 57.2398 0
1374.93 -956.977 56.9113 0
1369.44 -954.281 56.5928 0
1364.1 -951.286 56.2687 0
1358.94 -948.016 55.9351 0
1355.35 -945.167 55.7624 4
1347.58 -938.563 55.0859 4
1340.11 -931.641 54.5223 4
1332.89 -924.794 53.9178 4
1325.76 -917.554 53.2667 4
1318.95 -910.054 52.5194 4
1312.34 -902.478 51.7395 4
1306 -894.593 51.0464 4
1299.97 -886.544 50.3544 4
1294.25 -878.209 49.7539 4
1288.79 -869.8 49.0795 4
1278.51 -852.489 47.8365 4
1273.63 -843.764 47.3158 4
1268.96 -834.856 46.8224 4
1264.43 -825.984 46.3191 4
1260.19 -816.888 45.8527 4
1256.61 -807.255 45.3027 4
1253.68 -797.576 44.803 4
1252.41 -793.03 44.5396 4
1250.07 -783.051 44.047 4
1248 -773.244 43.5457 4
1246.24 -763.226 43.0824 4
1244.66 -753.296 42.6295 4
1243.12 -743.415 42.1359 4
1241.69 -733.514 41.6231 4
1240.28 -723.561 41.0914 4
1238.91 -713.878 40.6129 4
1237.5 -704.018 40.1618 4
1236.01 -694.203 39.7271 4
1234.48 -684.292 39.232 4
1233.65 -679.21 39.0222 4
1232.92 -674.729 38.8372 4
1231.22 -664.895 38.3511 4
1229.25 -655.124 37.9297 4
1227.17 -645.142 37.5154 4
1224.94 -635.795 37.1398 4
1222.34 -625.969 36.7918 4
1219.46 -616.456 36.3524 4
1216.07 -607.046 35.9499 4
1212.26 -597.446 35.5627 4
1208.2 -588.433 35.2309 4
1203.67 -579.82 35.0467 4
1198.42 -571.34 34.7791 4
1192.8 -563.295 34.6175 4
1186.41 -555.942 34.353 4
1179.11 -548.768 34.1002 4
1171.51 -542.732 33.8952 4
1163.14 -537.253 33.6848 4
1154.61 -532.239 33.5873 4
1145.9 -527.521 33.4905 4
1127.9 -519.208 33.3134 4
1118.78 -515.784 33.1954 4
1109.33 -512.518 33.0456 4
1099.78 -509.721 32.9351 4
1090.19 -507.291 32.8061 4
1080.38 -505.192 32.7146 4
1070.71 -503.518 32.6001 4
1060.82 -502.034 32.5215 4
1051.5 -501.011 32.401 4
1041.59 -500.057 32.2969 4
1031.62 -499.322 32.175 4
1021.64 -498.784 32.0375 4
1011.7 -498.358 31.893 4
1001.71 -498.033 31.7169 4
991.713 -497.605 31.506 4
971.688 -496.564 30.9921 4
961.663 -495.773 30.7183 4
951.652 -494.734 30.4579 4
941.692 -493.563 30.2638 4
931.74 -491.983 30.022 4
921.769 -490.014 29.7945 4
912.002 -487.818 29.5685 4
902.257 -485.607 29.3951 4
892.501 -483.363 29.2647 4
882.712 -481.074 29.2008 4
872.933 -478.611 29.1407 4
864.186 -476.301 28.9665 4
859.061 -475.333 29.0087 0
851.34 -474.334 29.0039 0
843.467 -473.802 28.9997 0
835.579 -473.704 28.9953 0
827.698 -474.046 28.9902 0
819.855 -474.827 28.8053 0
812.191 -476.096 28.5949 0
804.509 -477.825 28.3844 0
796.941 -479.991 28.1732 0
789.538 -482.616 27.9614 0
782.426 -485.691 27.7497 0
775.412 -489.233 27.5377 0
768.623 -493.181 27.3255 0
762.08 -497.52 27.1132 0
756.032 -502.245 26.9033 0
747.424 -509.484 26.5944 0
742.081 -515.289 26.3885 0
737.066 -521.376 26.1826 0
732.319 -527.721 26.0018 0
727.725 -534.219 25.8408 0
723.298 -540.784 25.6797 0
718.995 -547.479 25.5187 0
714.83 -554.261 25.3576 0
710.806 -561.127 25.1966 0
706.924 -568.074 25.0356 0
703.224 -575.074 24.8745 0
699.652 -582.186 24.7135 0
696.227 -589.37 24.5524 0
692.977 -596.625 24.5025 0
689.977 -603.909 24.5025 0
687.207 -611.35 24.5025 0
684.668 -618.872 24.5025 0
682.362 -626.47 24.5025 0
680.292 -634.135 24.5025 0
678.495 -641.806 24.5025 0
676.937 -649.591 24.5025 0
675.62 -657.42 24.5025 0
674.571 -665.267 24.197 0
673.686 -673.154 24.197 0
672.865 -680.933 24.197 0
672.186 -688.902 24.0309 0
671.568 -697.003 23.8657 0
671.06 -704.859 23.6911 0
670.635 -712.837 23.5233 0
670.301 -720.8 23.359 0
670.047 -728.788 23.2005 0
669.83 -736.892 23.0417 0
669.538 -748.786 22.8109 0
669.273 -760.786 22.6155 0
669.273 -764.787 22.5833 0
669.273 -768.787 22.5622 0
669.273 -776.788 22.5286 0
669.273 -784.789 22.4963 0
669.273 -792.79 22.4643 0
669.273 -800.791 22.4323 0
669.273 -808.792 22.4102 0
669.273 -816.793 22.3881 0
669.273 -824.794 22.3656 0
669.273 -832.795 22.2998 0
669.273 -840.795 22.1974 0
669.273 -848.795 22.0704 0
669.273 -856.795 21.9294 0
669.273 -864.794 21.7854 0
669.273 -872.795 21.683 0
669.273 -880.795 21.556 0
669.273 -888.794 21.4151 0
669.273 -896.794 21.2711 0
669.273 -904.794 21.1372 0
669.273 -912.794 21.0241 0
669.273 -920.794 20.9425 0
669.273 -928.795 20.9031 0
669.273 -936.877 20.9484 0
669.296 -944.924 21.0193 0
669.26 -952.953 21.0588 0
669.256 -960.954 21.0055 0
669.279 -968.994 21.0608 0
669.273 -976.8 21.0848 0
669.273 -984.8 21.1844 0
669.273 -992.801 21.2439 0
669.273 -1000.8 21.2684 0
669.273 -1008.8 21.2807 0
669.273 -1016.8 21.2807 0
669.273 -1024.8 21.2806 0
669.273 -1032.81 21.2806 0
669.273 -1040.81 21.2806 0
669.273 -1048.81 21.2584 0
669.273 -1056.81 21.3578 0
669.273 -1064.81 21.4921 0
669.273 -1072.81 21.6411 0
669.273 -1080.8 21.8696 0
669.273 -1088.8 22.1868 0
669.273 -1096.79 22.4689 0
669.273 -1104.79 22.7443 0
669.273 -1112.79 23.0083 0
669.273 -1120.78 23.2731 0
669.268 -1131.34 23.4454 0
671.025 -1137.91 23.4423 0
672.398 -1144.49 23.4393 0
673.375 -1151.08 23.4362 0
673.954 -1157.67 23.4331 0
673.934 -1164.25 23.43 0
673.897 -1170.84 23.4269 0
673.974 -1177.35 23.4238 0
674.222 -1183.87 23.4206 0
674.623 -1190.39 23.4174 0
675.157 -1196.9 23.4141 0
676.54 -1209.93 23.4072 0
678.161 -1222.98 23.3998 0
679.707 -1236.11 23.3917 0
680.299 -1242.73 23.3873 0
680.637 -1249.42 23.3826 0
680.666 -1256.06 23.3775 0
680.661 -1269.22 23.3655 0
680.66 -1282.39 23.3496 0
680.664 -1295.55 23.3267 0
680.775 -1308.72 23.228 0
680.909 -1321.82 23.284 0
681.472 -1334.88 23.3005 0
681.967 -1341.38 23.2762 0
682.562 -1347.94 23.2288 0
683.157 -1354.48 23.1691 0
684.703 -1367.42 23.0001 0
687.128 -1380.17 22.7633 0
690.441 -1392.78 22.4797 0
694.159 -1405.36 22.1853 0
698.109 -1417.87 21.8789 0
702.331 -1430.27 21.5507 4
706.939 -1442.49 21.1855 4
712.245 -1454.28 20.7448 4
715.461 -1459.68 20.4696 0
719.33 -1464.71 20.2317 0
723.651 -1469.48 20.0444 0
728.221 -1474.14 19.898 0
732.884 -1478.79 19.7834 0
737.526 -1483.51 19.6929 0
742.062 -1488.39 19.6203 0
746.426 -1493.44 19.5611 0
750.563 -1498.7 19.5124 0
754.432 -1504.12 19.4717 0
758.189 -1509.53 19.4448 0
761.941 -1514.94 19.4319 0
765.688 -1520.35 19.4306 0
773.167 -1531.19 19.4553 4
780.627 -1542.05 19.5065 4
788.069 -1552.92 19.575 4
795.491 -1563.8 19.654 4
801.618 -1572.77 19.605 4
809.041 -1583.68 19.5977 4
816.397 -1594.62 19.6067 4
823.394 -1605.95 19.5868 4
826.645 -1611.85 19.5767 4
829.365 -1617.94 19.5376 4
831.799 -1624.28 19.4958 4
833.642 -1630.66 19.4544 4
835.047 -1637.28 19.4124 4
836.029 -1643.95 19.3699 4
836.562 -1650.63 19.3364 4
836.714 -1657.3 19.3167 4
836.443 -1664.06 19.289 4
835.294 -1677.18 19.164 4
834.152 -1690.29 19.1018 4
833.009 -1703.4 19.0577 4
832.437 -1709.96 19.0647 4
831.866 -1716.52 19.1107 4
831.295 -1723.07 19.1566 4
830.152 -1736.19 19.3281 4
829.581 -1742.74 19.43 4
828.438 -1755.86 19.5461 4
827.431 -1767.41 19.7512 4
826.085 -1780.58 19.7177 4
824.566 -1793.66 19.737 4
822.825 -1806.73 19.7171 4
820.919 -1819.79 19.6939 4
818.856 -1832.81 19.6707 4
816.639 -1845.81 19.6476 0
814.276 -1858.79 19.6246 4
811.683 -1871.75 19.6015 4
808.809 -1884.63 19.5833 4
805.77 -1897.45 19.5821 4
802.677 -1910.25 19.5821 4
799.619 -1923.04 19.5821 4
796.694 -1935.84 19.5821 4
793.988 -1948.68 19.5821 4
791.571 -1961.58 19.5821 4
789.309 -1974.53 19.5821 4
787.196 -1987.5 19.5821 4
785.242 -2000.5 19.5821 4
783.477 -2013.5 19.5821 4
781.864 -2026.54 19.5821 4
780.282 -2039.6 19.626 4
778.887 -2052.65 19.7289 4
777.635 -2065.77 19.7821 4
776.521 -2078.88 19.7303 4
775.577 -2091.99 19.7291 4
774.49 -2105.11 19.7229 4
773.367 -2118.22 19.7229 4
772.246 -2131.34 19.7229 4
771.687 -2137.89 19.7229 4
771.129 -2144.45 19.7229 4
770.014 -2157.56 19.7229 4
769.442 -2164.12 19.7229 4
768.296 -2177.23 19.7229 4
767.722 -2183.79 19.7229 4
766.574 -2196.9 19.7229 4
765.425 -2210.02 19.7229 4
764.275 -2223.13 19.7229 4
763.124 -2236.25 19.7229 4
761.971 -2249.36 19.7229 4
761.395 -2255.92 19.7191 4
760.241 -2269.03 19.5743 4
759.086 -2282.14 19.1711 4
757.354 -2301.78 18.1707 4
756.198 -2314.87 17.307 4
755.042 -2327.95 16.3428 4
753.886 -2341.02 15.3228 4
752.728 -2354.1 14.2915 0
751.575 -2367.17 13.2942 4
750.428 -2380.25 12.3793 4
749.28 -2393.34 11.5905 4
748.131 -2406.44 10.9722 4
745.891 -2432.59 10.4486 4
745.325 -2439.54 10.3029 4
744.667 -2445.45 10.2331 4
743.552 -2453.03 10.1569 4
742.442 -2459.23 10.1076 4
740.571 -2467.08 10.0744 4
738.785 -2473.74 10.0439 4
737.203 -2478.37 10.0304 4
735.206 -2483.79 10.027 4
732.529 -2491.09 10.0592 4
729.73 -2498.34 10.1042 4
726.993 -2504.61 10.1662 4
724.248 -2510.7 10.2516 4
721.342 -2516.59 10.339 4
717.782 -2523.52 10.3957 4
715.266 -2528.17 10.4289 4
712.519 -2533.13 10.506 4
709.414 -2538.37 10.5803 4
705.954 -2544.02 10.5886 4
702.409 -2549.61 10.597 0
698.784 -2555.26 10.6049 0
694.43 -2561.95 10.9451 0
690.294 -2568.48 11.1425 0
688.616 -2570.74 11.2272 0
685.872 -2574.39 11.3595 0
684.391 -2576.24 11.4464 0
680.755 -2580.35 11.6437 0
677.842 -2583.27 11.797 0
675.267 -2585.56 11.9278 0
669.111 -2590.21 12.2179 0
660.024 -2595.52 12.5831 0
653.668 -2598.36 12.7936 0
648.487 -2600.31 12.9391 0
645.113 -2601.44 13.0236 0
642.99 -2602.13 13.069 0
641.443 -2602.62 13.1041 0
638.059 -2603.63 13.1671 0
636.201 -2604.17 13.2018 0
632.003 -2605.32 13.2579 0
628 -2606.37 13.3048 0
624.865 -2607.12 13.3234 0
620.18 -2608.19 13.3444 0
614.591 -2609.36 13.3551 0
610.159 -2610.25 13.359 0
605.932 -2611.03 13.3551 0
602.633 -2611.59 13.3473 0
599.361 -2612.14 13.3356 0
595.654 -2612.75 13.3199 0
594.029 -2613.01 13.3087 0
590.035 -2613.61 13.2604 0
584.005 -2614.48 13.2272 0
577.974 -2615.26 13.1569 0
571.269 -2616.02 13.0509 0
564.91 -2616.65 12.8886 0
555.873 -2617.36 12.5253 0
550.171 -2617.54 12.323 0
543.496 -2617.64 11.9692 0
540.491 -2617.63 11.9152 0
537.444 -2617.66 11.924 0
528.458 -2617.62 11.7592 0
515.217 -2617.62 11.5624 0
501.976 -2617.61 11.4892 0
488.736 -2617.63 11.4849 0
475.495 -2617.64 11.5055 0
466.874 -2617.64 11.5321 0
435.772 -2617.69 11.6497 0
409.291 -2617.72 11.7542 0
396.05 -2617.74 11.7729 0
382.806 -2617.64 11.7753 0
377.217 -2617.58 11.4587 0
366.312 -2617.62 10.839 0
352.346 -2617.58 10.0461 0
332.706 -2617.45 8.9323 0
319.571 -2617.46 8.18719 0
309.964 -2617.42 7.64178 0
298.885 -2617.41 7.01251 0
292.401 -2617.47 6.56306 0
285.525 -2617.04 6.18498 0
278.873 -2616.06 5.92588 0
275.581 -2615.34 5.73918 0
272.388 -2614.38 5.59534 0
268.903 -2613.04 5.48538 0
265.404 -2611.47 5.37542 0
259.25 -2608.66 5.32858 0
253.174 -2605.92 5.17499 0
249.533 -2604.02 5.03 0
244.756 -2601.47 5.03 0
240.286 -2598.33 5.03 0
236.006 -2594.56 5.03 0
233.704 -2592.39 5.03 0
230.458 -2589.15 5.03 0
227.544 -2585.94 4.93 0
223.916 -2580.66 5.03 0
221.697 -2576.72 5.03 0
219.831 -2572.23 5.03 0
218.734 -2569.19 5.03 0
217.901 -2564.72 5.03 0
217.505 -2558.12 5.03 0
217.485 -2554.57 5.03 0
217.425 -2551.09 5.03 0
217.435 -2548.46 5.03 0
217.532 -2538.25 5.02964 0
217.552 -2535.95 5.03 0
217.531 -2526.45 5.407 0
217.489 -2519.41 5.432 0
217.465 -2506.37 5.429 0
217.493 -2491.99 5.374 0
217.442 -2482.29 5.328 0
217.448 -2476.44 5.327 0
217.479 -2467.94 5.543 0
217.463 -2459.52 5.756 0
217.463 -2452 5.946 0
217.429 -2441.6 6.209 0
217.427 -2436.63 6.209 0
217.435 -2429.63 6.214 0
217.436 -2415.94 6.606 0
217.453 -2405.1 6.943 0
217.405 -2399.07 6.93 0
217.464 -2393.31 6.82 0
217.451 -2385.96 6.92 0
217.418 -2380.89 7.261 0
217.383 -2375.74 7.343 0
217.441 -2339.54 7.379 0
217.385 -2311.72 7.2 0
217.345 -2294.98 7.381 0
217.326 -2250.52 9.90082 0
217.356 -2233.28 10.8486 0
217.383 -2220.34 11.4955 0
217.355 -2208.41 11.9877 0
217.374 -2196.44 12.433 0
217.348 -2184.43 12.7753 0
217.335 -2178.37 12.9721 0
217.083 -2172.67 13.0117 0
216.207 -2166.96 13.0532 0
214.823 -2161.24 13.0232 0
212.793 -2155.95 12.8962 0
210.278 -2150.77 12.7707 0
207.256 -2145.87 12.6405 0
203.757 -2141.29 12.5566 0
199.814 -2137.07 12.5169 0
195.472 -2133.28 12.4569 0
190.773 -2129.93 12.5396 0
183.997 -2125.7 12.9085 0
178.937 -2122.46 13.377 0
173.877 -2119.23 13.8522 0
168.796 -2115.6 14.3043 0
164.122 -2111.46 14.7185 0
159.905 -2106.85 15.0861 0
156.194 -2101.83 15.4093 0
153.026 -2096.44 15.6575 0
150.438 -2090.76 15.9014 0
148.458 -2084.84 16.1218 0
147.107 -2078.74 16.3633 0
146.246 -2072.53 16.78 0
146.209 -2066.6 17.2773 0
146.211 -2066.23 17.3214 0
147.97 -2024.9 17.3214 0
148.543 -2018.49 17.2097 0
149.905 -2012.33 17.0766 0
152.008 -2006.38 17.0979 0
154.814 -2000.74 17.1882 0
158.313 -1995.47 17.1859 0
162.177 -1990.7 17.2033 0
169.892 -1981.53 17.427 0
177.603 -1972.34 17.8988 0
185.307 -1963.16 18.567 0
193.119 -1953.84 19.3785 0
200.954 -1944.49 20.1996 0
206.12 -1938.37 20.9669 0
213.514 -1929.62 21.9121 0
221.204 -1920.43 22.8066 0
231.4 -1908.22 23.7071 0
235.49 -1903.35 24.0987 0
243.545 -1893.75 24.8773 0
251.753 -1883.97 25.4434 0
255.609 -1879.37 25.5809 0
259.825 -1874.46 25.8042 0
267.525 -1865.21 25.8584 0
275.246 -1856.01 25.8584 0
282.955 -1846.86 25.8591 0
290.308 -1838.02 25.7717 0
294.167 -1833.44 25.6995 0
301.821 -1824.3 25.9653 0
309.533 -1815.11 26.3298 0
313.389 -1810.51 26.5197 0
317.244 -1805.92 26.7197 0
321.099 -1801.33 26.9244 0
324.954 -1796.73 27.1285 0
328.861 -1792.07 27.2809 0
332.716 -1787.48 27.4523 0
336.572 -1782.89 27.6467 0
340.428 -1778.29 27.7849 0
344.283 -1773.7 27.921 0
348.131 -1769.11 28.0081 0
355.667 -1760.07 28.1819 0
363.283 -1751.01 28.167 0
370.441 -1742.54 28.2216 0
378.712 -1732.63 28.1819 0
386.444 -1723.46 28.0863 0
394.158 -1714.26 28.1445 0
401.873 -1705.07 28.1445 0
405.73 -1700.47 28.1445 0
409.587 -1695.88 28.1445 0
413.444 -1691.28 28.1445 0
417.302 -1686.68 28.1445 0
421.159 -1682.09 28.1445 0
425.016 -1677.49 28.1445 0
432.73 -1668.29 28.1445 0
440.445 -1659.1 28.1445 0
448.22 -1649.88 28.1819 0
455.903 -1640.73 28.2916 0
463.579 -1631.5 28.2916 0
471.291 -1622.29 28.2916 0
475.14 -1617.71 28.2794 0
478.235 -1614.08 28.2713 0
482.393738 -1608.38635 28.2055016 0
484.737732 -1603.91272 28.3366776 0
487.639221 -1597.64 28.3366776 0
489.511047 -1591.68469 28.3366776 0
490.3029 -1588.68457 28.3366776 0
491.267883 -1586.0603 28.3366776 0
492.6034 -1583.07629 28.3366776 0
493.501556 -1581.25476 28.3366776 0
494.1506 -1580.103 28.3366776 0
495.88562 -1577.15271 28.3366776 0
499.591522 -1571.59082 28.2474785 0
505.9959 -1563.0083 28.1601372 0
509.391357 -1558.72778 28.1917572 0
512.9909 -1554.4209 28.19961 0
528.531 -1535.97 28.2781 0
544.483 -1516.84 28.1583 0
546.546 -1513.69 28.2495 0
548.635 -1509.77 28.3259 0
550.54 -1504.96 28.3274 0
551.319 -1502.23 28.3261 0
551.789 -1499.36 28.3249 0
552.01 -1495.46 28.3197 0
552.238 -1489.65 28.3146 0
552.223 -1484.15 28.3095 0
551.498 -1467.5 28.2376 0
551.43 -1461.48 28.3475 0
551.352 -1437.56 28.3485 0
551.389954 -1419.53 28.3485 0
551.385 -1407.51 28.2376 0
551.385 -1401.51 28.2376 0
551.385 -1389.5 28.2376 0
551.1018 -1375.34 28.5397 0
550.496 -1362.09 28.5397 0
550.207 -1358.73 28.5397 0
549.216 -1352.06 28.5397 0
547.652 -1345.44 28.5397 0
544.505 -1335.92 28.5397 0
541.268 -1326.72 28.5403 0
539.516 -1320.49 28.5706 0
538.121 -1314.16 28.697 0
536.622 -1304.56 29.0904 0
535.349 -1291.65 29.4186 0
534.7 -1278.51 29.5989 0
534.459 -1265.46 29.45 0
534.444 -1252.32 29.1684 0
534.444 -1239.16 28.8624 0
534.441 -1225.99 28.8179 0
534.427 -1219.41 28.8966 0
534.413 -1212.83 28.867 0
534.534 -1205.64 28.7785 0
534.628 -1199.06 28.7304 0
534.732 -1192.48 28.6822 0
534.812 -1185.9 28.6341 0
534.855 -1179.32 28.586 0
534.921 -1172.7 28.4557 0
534.984 -1166.11 28.3541 0
535.048 -1159.53 28.2526 0
535.064 -1152.95 28.1511 0
535.104 -1146.38 28.0166 0
535.054 -1139.8 27.8781 0
535.054 -1133.22 27.7586 0
535.054 -1126.64 27.6621 0
535.071 -1120.07 27.5888 0
535.117 -1113.5 27.5301 0
535.189 -1106.93 27.4879 0
535.29 -1100.35 27.4669 0
535.42 -1093.78 27.4647 0
535.412 -1090.16 27.4683 0
535.342 -1088.52 27.4599 0
534.686 -1083.64 27.4497 0
533.794 -1078.09 27.4715 0
533.044 -1073.92 27.4647 0
532.434 -1070.31 27.4598 0
532.257 -1067.33 27.4564 0
532.367 -1060.84 27.4346 0
532.367 -1054.26 27.3859 0
532.367 -1047.68 27.3259 0
532.365 -1038.69 27.2744 0
532.364 -1032.1 27.2367 0
532.361 -1018.94 27.084 0
532.359 -1012.36 27.0047 0
532.358 -1005.78 26.9255 0
532.356 -999.194 26.8463 0
532.355 -992.612 26.7671 0
532.348 -985.178 26.6105 0
531.965 -978.552 26.5167 0
531.572937 -974.883667 26.5241032 0
530.951538 -971.484436 26.48856 0
530.1151 -968.209534 26.41942 0
529.037354 -964.8372 26.2666359 0
526.3445 -958.279968 26.1927013 0
523.990051 -952.7695 26.0425339 0
520.622437 -944.467468 25.7192 0
518.7355 -938.0012 25.6045933 0
517.9114 -934.6437 25.6306915 0
517.353333 -931.4364 25.535841 0
516.9148 -928.4809 25.47185 0
516.6693 -924.3595 25.415535 0
516.5059 -919.171448 25.3870659 0
516.2627 -904.3878 25.0260315 0
516.1841 -889.72644 24.6502419 0
516.3947 -856.946838 24.08043 0
516.4206 -852.8501 23.9706078 0
516.4586 -843.5229 23.907671 0
516.7521 -826.4801 23.77119 0
516.846558 -822.598267 23.78108 0
517.0454 -820.3586 23.7711372 0
517.5729 -816.5909 23.7498474 0
518.401855 -812.7833 23.7490711 0
519.408264 -808.941956 23.74972 0
520.358337 -805.32 23.7264652 0
521.1279 -801.766968 23.6861 0
521.826965 -797.2923 23.6861 0
522.2126 -790.629 23.6861 0
522.9065 -777.153931 23.6861038 0
523.4436 -766.3467 23.68605 0
524.2594 -753.7949 23.68609 0
525.3886 -738.001 23.68612 0
527.3653 -714.935364 23.6861 0
528.27 -705.661255 23.6860962 0
530.5321 -683.6934 23.6860981 0
531.6755 -673.837952 23.7644348 0
532.8463 -664.6388 23.8231335 0
533.743 -656.9064 23.7987823 0
535.0257 -646.69696 23.8107948 0
535.660461 -641.8345 23.7580242 0
538.5425 -618.6009 23.812418 0
539.1186 -613.1992 23.79458 0
540.611755 -602.0502 23.8408661 0
542.4115 -586.4589 23.8034916 0
545.2094 -564.2586 23.79358 0
552.238831 -507.019318 23.8586674 0
556.4982 -472.1457 23.8151169 0
560.3986 -440.61203 23.79963 0
